24.0,1.0,10.0,0.0,78.0,4.0,2.0,24.0,3.0,2.8,1.0,4.0,1.0,1.0,9.0,1.0,4.0
65.0,1.0,20.0,0.0,80.0,39.0,2.0,15.0,3.0,3.1,1.0,2.0,1.0,1.0,36.0,3.0,1.0
41.0,1.0,18.0,3.0,78.0,27.0,2.0,9.0,1.0,3.1,1.0,0.0,1.0,1.0,5.0,4.0,4.0
28.0,0.0,15.0,0.0,57.0,11.0,2.0,14.0,2.0,4.5,0.0,3.0,0.0,0.0,15.0,1.0,1.0
56.0,0.0,17.0,0.0,37.0,14.0,1.0,10.0,3.0,4.9,1.0,2.0,0.0,0.0,14.0,1.0,2.0
66.0,1.0,24.0,3.0,61.0,11.0,2.0,9.0,0.0,3.9,1.0,2.0,1.0,1.0,35.0,5.0,1.0
55.0,0.0,7.0,2.0,96.0,35.0,0.0,5.0,0.0,4.8,1.0,0.0,1.0,1.0,13.0,3.0,4.0
27.0,1.0,11.0,0.0,96.0,29.0,1.0,7.0,0.0,4.6,1.0,0.0,1.0,1.0,34.0,5.0,1.0
67.0,1.0,8.0,3.0,61.0,36.0,3.0,3.0,1.0,4.9,1.0,2.0,1.0,1.0,19.0,2.0,4.0
58.0,1.0,0.0,0.0,73.0,22.0,0.0,11.0,2.0,3.0,1.0,5.0,1.0,1.0,42.0,5.0,5.0
25.0,1.0,20.0,0.0,58.0,26.0,2.0,1.0,3.0,4.7,1.0,2.0,1.0,1.0,6.0,5.0,6.0
66.0,1.0,9.0,1.0,85.0,48.0,0.0,24.0,0.0,3.9,1.0,3.0,1.0,1.0,28.0,4.0,3.0
39.0,1.0,24.0,3.0,66.0,1.0,3.0,20.0,2.0,3.2,1.0,1.0,1.0,1.0,17.0,5.0,0.0
19.0,0.0,22.0,3.0,54.0,46.0,0.0,24.0,2.0,4.4,0.0,4.0,0.0,0.0,17.0,4.0,3.0
23.0,0.0,10.0,0.0,69.0,37.0,3.0,0.0,1.0,3.4,1.0,4.0,1.0,1.0,30.0,3.0,4.0
29.0,0.0,23.0,1.0,62.0,30.0,0.0,18.0,0.0,4.8,1.0,5.0,0.0,0.0,44.0,0.0,5.0
53.0,1.0,0.0,0.0,80.0,7.0,1.0,14.0,2.0,2.9,1.0,2.0,1.0,1.0,13.0,4.0,5.0
51.0,1.0,3.0,1.0,81.0,14.0,1.0,6.0,3.0,4.5,1.0,1.0,1.0,1.0,7.0,3.0,5.0
69.0,0.0,11.0,0.0,92.0,45.0,0.0,1.0,3.0,4.2,0.0,4.0,0.0,0.0,45.0,5.0,0.0
42.0,1.0,3.0,1.0,43.0,7.0,0.0,5.0,2.0,4.0,1.0,3.0,1.0,1.0,22.0,2.0,1.0
52.0,0.0,24.0,3.0,51.0,14.0,1.0,7.0,1.0,4.3,0.0,4.0,0.0,0.0,47.0,2.0,5.0
44.0,1.0,18.0,3.0,82.0,45.0,2.0,10.0,2.0,3.6,1.0,4.0,1.0,1.0,27.0,0.0,1.0
24.0,0.0,5.0,0.0,68.0,13.0,0.0,10.0,0.0,3.0,1.0,1.0,0.0,0.0,20.0,0.0,5.0
56.0,0.0,21.0,3.0,26.0,14.0,2.0,13.0,2.0,4.0,0.0,3.0,0.0,0.0,26.0,0.0,0.0
45.0,0.0,12.0,3.0,78.0,2.0,0.0,23.0,1.0,3.8,1.0,5.0,1.0,1.0,1.0,1.0,3.0
40.0,0.0,24.0,3.0,49.0,8.0,0.0,22.0,0.0,4.9,1.0,2.0,0.0,0.0,44.0,5.0,0.0
19.0,1.0,7.0,2.0,91.0,8.0,2.0,9.0,1.0,3.5,1.0,4.0,1.0,1.0,47.0,2.0,0.0
57.0,0.0,19.0,3.0,84.0,4.0,2.0,11.0,0.0,3.8,1.0,1.0,0.0,0.0,3.0,5.0,1.0
28.0,1.0,21.0,3.0,87.0,43.0,3.0,2.0,3.0,3.8,1.0,2.0,1.0,1.0,37.0,1.0,0.0
65.0,0.0,10.0,0.0,93.0,10.0,2.0,13.0,1.0,3.9,1.0,0.0,0.0,0.0,38.0,3.0,0.0
35.0,0.0,5.0,0.0,59.0,16.0,0.0,23.0,0.0,3.4,0.0,3.0,0.0,0.0,23.0,4.0,2.0
43.0,0.0,3.0,1.0,27.0,18.0,2.0,5.0,1.0,3.9,1.0,2.0,0.0,0.0,15.0,1.0,6.0
59.0,0.0,1.0,0.0,32.0,26.0,2.0,11.0,2.0,3.1,1.0,3.0,0.0,0.0,46.0,0.0,0.0
49.0,1.0,17.0,0.0,89.0,31.0,2.0,20.0,3.0,4.7,1.0,3.0,1.0,1.0,13.0,0.0,2.0
59.0,0.0,15.0,0.0,80.0,24.0,3.0,15.0,1.0,2.9,1.0,4.0,1.0,1.0,34.0,3.0,0.0
27.0,0.0,22.0,3.0,94.0,43.0,3.0,18.0,3.0,3.6,0.0,2.0,0.0,0.0,17.0,1.0,5.0
67.0,1.0,20.0,0.0,29.0,28.0,3.0,19.0,2.0,2.7,1.0,2.0,1.0,1.0,14.0,3.0,2.0
63.0,0.0,13.0,0.0,28.0,15.0,2.0,17.0,3.0,3.4,1.0,0.0,1.0,1.0,22.0,3.0,5.0
31.0,0.0,17.0,0.0,33.0,44.0,2.0,6.0,3.0,3.7,1.0,0.0,1.0,1.0,49.0,4.0,3.0
35.0,0.0,4.0,1.0,83.0,46.0,2.0,0.0,0.0,3.7,1.0,1.0,0.0,0.0,23.0,3.0,0.0
22.0,0.0,5.0,0.0,34.0,11.0,1.0,13.0,1.0,4.2,1.0,5.0,1.0,1.0,35.0,2.0,2.0
63.0,1.0,13.0,0.0,76.0,23.0,2.0,7.0,3.0,3.2,1.0,2.0,1.0,1.0,20.0,1.0,1.0
55.0,0.0,12.0,3.0,36.0,24.0,1.0,11.0,0.0,4.8,0.0,2.0,0.0,0.0,28.0,5.0,3.0
39.0,0.0,22.0,3.0,87.0,26.0,1.0,14.0,2.0,4.3,1.0,0.0,1.0,1.0,7.0,0.0,4.0
48.0,0.0,11.0,0.0,24.0,7.0,0.0,14.0,2.0,2.8,1.0,5.0,0.0,0.0,13.0,0.0,3.0
32.0,0.0,20.0,0.0,75.0,29.0,0.0,18.0,0.0,4.3,1.0,1.0,1.0,1.0,45.0,1.0,5.0
31.0,1.0,12.0,3.0,48.0,13.0,1.0,4.0,0.0,3.8,1.0,3.0,1.0,1.0,10.0,1.0,5.0
69.0,0.0,15.0,0.0,54.0,9.0,2.0,4.0,2.0,4.2,0.0,1.0,0.0,0.0,29.0,0.0,5.0
35.0,1.0,16.0,3.0,32.0,0.0,1.0,18.0,1.0,3.5,1.0,3.0,1.0,1.0,41.0,0.0,2.0
41.0,0.0,0.0,0.0,86.0,31.0,2.0,0.0,1.0,4.2,1.0,0.0,0.0,0.0,24.0,2.0,1.0
37.0,0.0,1.0,0.0,86.0,46.0,0.0,0.0,1.0,4.8,0.0,3.0,0.0,0.0,25.0,1.0,0.0
36.0,0.0,14.0,2.0,76.0,0.0,2.0,4.0,3.0,4.7,1.0,2.0,1.0,1.0,32.0,2.0,5.0
54.0,0.0,12.0,3.0,95.0,33.0,2.0,16.0,0.0,5.0,1.0,0.0,1.0,1.0,40.0,5.0,2.0
43.0,0.0,18.0,3.0,94.0,4.0,0.0,19.0,3.0,4.5,1.0,5.0,0.0,0.0,23.0,3.0,0.0
43.0,0.0,22.0,3.0,25.0,27.0,0.0,0.0,1.0,2.6,1.0,5.0,0.0,0.0,14.0,2.0,3.0
54.0,0.0,4.0,1.0,56.0,18.0,3.0,13.0,1.0,3.3,1.0,4.0,0.0,0.0,2.0,2.0,4.0
51.0,0.0,2.0,0.0,59.0,0.0,1.0,4.0,0.0,3.9,0.0,2.0,0.0,0.0,5.0,3.0,2.0
50.0,0.0,15.0,0.0,32.0,24.0,0.0,10.0,2.0,3.4,1.0,1.0,0.0,0.0,1.0,4.0,6.0
66.0,1.0,0.0,0.0,44.0,26.0,3.0,5.0,3.0,4.2,1.0,4.0,1.0,1.0,45.0,1.0,6.0
37.0,1.0,23.0,1.0,57.0,2.0,2.0,5.0,1.0,3.1,1.0,3.0,1.0,1.0,27.0,5.0,4.0
33.0,0.0,12.0,3.0,54.0,33.0,0.0,8.0,1.0,3.0,1.0,2.0,0.0,0.0,42.0,0.0,5.0
64.0,0.0,19.0,3.0,33.0,13.0,1.0,18.0,3.0,3.5,0.0,5.0,0.0,0.0,34.0,5.0,5.0
46.0,0.0,9.0,1.0,29.0,43.0,0.0,2.0,2.0,2.9,0.0,0.0,0.0,0.0,12.0,3.0,4.0
33.0,0.0,5.0,0.0,93.0,22.0,1.0,18.0,3.0,4.1,1.0,3.0,0.0,0.0,3.0,0.0,5.0
56.0,1.0,17.0,0.0,99.0,40.0,2.0,1.0,1.0,4.0,1.0,2.0,1.0,1.0,20.0,4.0,2.0
62.0,1.0,19.0,3.0,53.0,46.0,1.0,19.0,3.0,3.4,1.0,3.0,1.0,1.0,13.0,0.0,0.0
48.0,1.0,22.0,3.0,31.0,5.0,2.0,1.0,3.0,4.0,1.0,5.0,1.0,1.0,4.0,4.0,2.0
62.0,1.0,13.0,0.0,28.0,37.0,0.0,17.0,3.0,3.6,1.0,1.0,1.0,1.0,36.0,5.0,3.0
65.0,1.0,9.0,1.0,83.0,12.0,2.0,0.0,3.0,3.2,1.0,0.0,1.0,1.0,7.0,1.0,1.0
46.0,0.0,22.0,3.0,20.0,25.0,2.0,11.0,2.0,3.0,1.0,0.0,0.0,0.0,39.0,1.0,5.0
45.0,1.0,22.0,3.0,74.0,27.0,2.0,12.0,3.0,3.8,1.0,0.0,1.0,1.0,11.0,5.0,4.0
45.0,1.0,10.0,0.0,95.0,49.0,2.0,20.0,0.0,4.2,1.0,1.0,1.0,1.0,26.0,4.0,6.0
53.0,0.0,15.0,0.0,44.0,32.0,0.0,24.0,3.0,4.1,0.0,3.0,0.0,0.0,30.0,3.0,5.0
50.0,1.0,18.0,3.0,33.0,4.0,2.0,15.0,3.0,3.2,1.0,3.0,1.0,1.0,7.0,2.0,5.0
44.0,0.0,13.0,0.0,88.0,40.0,0.0,16.0,2.0,4.0,0.0,1.0,0.0,0.0,36.0,3.0,5.0
63.0,1.0,9.0,1.0,74.0,8.0,1.0,20.0,0.0,4.8,1.0,3.0,1.0,1.0,32.0,1.0,1.0
51.0,0.0,21.0,3.0,74.0,15.0,2.0,23.0,3.0,4.7,1.0,4.0,1.0,1.0,44.0,1.0,1.0
40.0,0.0,13.0,0.0,64.0,16.0,2.0,4.0,1.0,2.8,1.0,5.0,0.0,0.0,42.0,2.0,5.0
58.0,1.0,3.0,1.0,26.0,42.0,2.0,12.0,3.0,4.0,1.0,1.0,1.0,1.0,23.0,3.0,1.0
47.0,0.0,7.0,2.0,80.0,34.0,1.0,7.0,0.0,3.9,1.0,0.0,1.0,1.0,39.0,4.0,0.0
64.0,0.0,20.0,0.0,36.0,43.0,2.0,2.0,1.0,3.5,0.0,5.0,0.0,0.0,37.0,0.0,0.0
36.0,0.0,10.0,0.0,40.0,21.0,2.0,2.0,2.0,4.1,0.0,3.0,0.0,0.0,34.0,4.0,1.0
39.0,0.0,20.0,0.0,89.0,30.0,0.0,21.0,0.0,4.6,1.0,4.0,1.0,1.0,26.0,5.0,5.0
22.0,1.0,16.0,3.0,84.0,26.0,0.0,5.0,0.0,3.2,1.0,5.0,1.0,1.0,37.0,3.0,1.0
27.0,1.0,3.0,1.0,77.0,26.0,1.0,0.0,3.0,4.9,1.0,5.0,1.0,1.0,46.0,4.0,2.0
63.0,0.0,17.0,0.0,66.0,3.0,2.0,10.0,0.0,3.4,1.0,1.0,1.0,1.0,19.0,3.0,0.0
35.0,0.0,6.0,0.0,26.0,9.0,2.0,12.0,3.0,4.0,0.0,3.0,0.0,0.0,40.0,5.0,2.0
25.0,0.0,23.0,1.0,77.0,19.0,2.0,7.0,3.0,4.0,1.0,0.0,0.0,0.0,21.0,4.0,1.0
57.0,1.0,16.0,3.0,76.0,17.0,1.0,21.0,1.0,4.4,1.0,1.0,1.0,1.0,35.0,1.0,6.0
38.0,0.0,23.0,1.0,88.0,47.0,2.0,12.0,2.0,3.9,0.0,2.0,0.0,0.0,41.0,2.0,0.0
18.0,1.0,23.0,1.0,71.0,9.0,2.0,11.0,1.0,3.0,1.0,3.0,1.0,1.0,41.0,3.0,1.0
55.0,0.0,23.0,1.0,68.0,47.0,1.0,10.0,2.0,4.1,0.0,5.0,0.0,0.0,27.0,1.0,0.0
49.0,1.0,14.0,2.0,92.0,11.0,2.0,12.0,1.0,3.0,1.0,5.0,1.0,1.0,38.0,4.0,6.0
23.0,1.0,2.0,0.0,81.0,10.0,1.0,4.0,3.0,2.8,1.0,5.0,1.0,1.0,48.0,0.0,6.0
67.0,0.0,15.0,0.0,58.0,20.0,2.0,8.0,0.0,3.4,0.0,2.0,0.0,0.0,30.0,4.0,1.0
52.0,1.0,10.0,0.0,81.0,21.0,2.0,6.0,2.0,2.7,1.0,0.0,1.0,1.0,7.0,2.0,0.0
20.0,0.0,14.0,2.0,100.0,25.0,3.0,3.0,2.0,4.3,1.0,0.0,1.0,1.0,42.0,1.0,3.0
47.0,0.0,24.0,3.0,33.0,14.0,2.0,4.0,2.0,2.7,1.0,3.0,1.0,1.0,49.0,3.0,1.0
22.0,1.0,22.0,3.0,76.0,37.0,1.0,17.0,0.0,3.6,1.0,0.0,1.0,1.0,49.0,4.0,3.0
61.0,0.0,8.0,3.0,41.0,43.0,2.0,12.0,0.0,4.9,0.0,5.0,0.0,0.0,7.0,1.0,2.0
25.0,0.0,24.0,3.0,99.0,3.0,2.0,24.0,1.0,4.9,0.0,2.0,0.0,0.0,48.0,5.0,6.0
50.0,0.0,19.0,3.0,43.0,12.0,1.0,11.0,2.0,4.2,0.0,1.0,0.0,0.0,32.0,0.0,5.0
41.0,0.0,15.0,0.0,32.0,46.0,2.0,16.0,3.0,3.8,0.0,5.0,0.0,0.0,18.0,5.0,3.0
39.0,1.0,18.0,3.0,36.0,48.0,2.0,10.0,2.0,4.5,1.0,4.0,1.0,1.0,7.0,2.0,2.0
49.0,1.0,3.0,1.0,95.0,31.0,1.0,18.0,0.0,4.1,1.0,5.0,1.0,1.0,14.0,0.0,0.0
44.0,1.0,10.0,0.0,43.0,24.0,2.0,5.0,0.0,3.1,1.0,1.0,1.0,1.0,15.0,5.0,6.0
24.0,1.0,6.0,0.0,95.0,22.0,2.0,23.0,1.0,4.6,1.0,1.0,1.0,1.0,5.0,4.0,1.0
59.0,0.0,5.0,0.0,87.0,9.0,2.0,10.0,1.0,3.6,0.0,0.0,0.0,0.0,25.0,3.0,1.0
44.0,0.0,14.0,2.0,84.0,26.0,1.0,1.0,3.0,4.4,0.0,5.0,0.0,0.0,16.0,5.0,6.0
70.0,1.0,18.0,3.0,72.0,26.0,1.0,2.0,1.0,3.2,1.0,4.0,1.0,1.0,1.0,4.0,5.0
52.0,0.0,20.0,0.0,78.0,23.0,3.0,19.0,0.0,3.1,0.0,3.0,0.0,0.0,37.0,1.0,3.0
57.0,1.0,7.0,2.0,48.0,27.0,1.0,8.0,1.0,3.6,1.0,3.0,1.0,1.0,47.0,2.0,1.0
30.0,1.0,16.0,3.0,77.0,16.0,2.0,0.0,0.0,4.9,1.0,4.0,1.0,1.0,44.0,2.0,5.0
19.0,0.0,4.0,1.0,45.0,22.0,2.0,20.0,0.0,4.5,0.0,2.0,0.0,0.0,12.0,4.0,2.0
31.0,0.0,12.0,3.0,71.0,12.0,2.0,20.0,3.0,4.3,1.0,2.0,0.0,0.0,1.0,1.0,6.0
68.0,0.0,23.0,1.0,24.0,3.0,0.0,24.0,3.0,2.7,1.0,3.0,1.0,1.0,15.0,0.0,2.0
53.0,1.0,0.0,0.0,88.0,42.0,0.0,7.0,2.0,3.8,1.0,1.0,1.0,1.0,35.0,2.0,5.0
52.0,1.0,21.0,3.0,49.0,44.0,0.0,3.0,1.0,4.5,1.0,5.0,1.0,1.0,41.0,4.0,4.0
62.0,0.0,7.0,2.0,47.0,35.0,0.0,17.0,3.0,2.7,1.0,4.0,1.0,1.0,21.0,3.0,1.0
29.0,0.0,22.0,3.0,23.0,7.0,0.0,11.0,3.0,3.6,1.0,4.0,0.0,0.0,42.0,0.0,4.0
41.0,0.0,8.0,3.0,68.0,16.0,0.0,2.0,0.0,4.0,1.0,2.0,1.0,1.0,41.0,0.0,0.0
52.0,1.0,0.0,0.0,24.0,37.0,2.0,23.0,3.0,4.8,1.0,3.0,1.0,1.0,28.0,2.0,6.0
27.0,0.0,4.0,1.0,40.0,4.0,2.0,24.0,1.0,2.9,1.0,1.0,1.0,1.0,6.0,4.0,4.0
24.0,0.0,19.0,3.0,45.0,35.0,0.0,21.0,0.0,3.5,0.0,1.0,0.0,0.0,40.0,0.0,4.0
23.0,0.0,14.0,2.0,88.0,37.0,3.0,4.0,0.0,2.9,1.0,2.0,0.0,0.0,25.0,5.0,4.0
41.0,0.0,5.0,0.0,82.0,2.0,0.0,14.0,0.0,2.6,0.0,4.0,0.0,0.0,17.0,5.0,4.0
36.0,1.0,5.0,0.0,29.0,24.0,0.0,5.0,2.0,3.1,1.0,3.0,1.0,1.0,2.0,5.0,2.0
32.0,1.0,20.0,0.0,46.0,32.0,2.0,5.0,2.0,3.6,1.0,3.0,1.0,1.0,34.0,0.0,5.0
27.0,0.0,16.0,3.0,51.0,43.0,0.0,0.0,2.0,2.6,0.0,5.0,0.0,0.0,6.0,5.0,2.0
63.0,0.0,20.0,0.0,83.0,45.0,1.0,19.0,2.0,2.9,0.0,1.0,0.0,0.0,12.0,1.0,6.0
57.0,0.0,2.0,0.0,72.0,2.0,0.0,16.0,2.0,3.3,1.0,4.0,1.0,1.0,40.0,2.0,2.0
43.0,0.0,6.0,0.0,60.0,9.0,0.0,17.0,3.0,3.0,0.0,3.0,0.0,0.0,50.0,5.0,6.0
26.0,0.0,2.0,0.0,97.0,47.0,3.0,19.0,3.0,3.0,1.0,2.0,1.0,1.0,24.0,4.0,3.0
61.0,0.0,1.0,0.0,50.0,17.0,2.0,18.0,1.0,2.9,0.0,4.0,0.0,0.0,6.0,2.0,5.0
43.0,0.0,19.0,3.0,76.0,13.0,0.0,17.0,0.0,3.4,0.0,5.0,0.0,0.0,33.0,1.0,0.0
60.0,1.0,3.0,1.0,20.0,33.0,1.0,17.0,2.0,4.7,1.0,0.0,1.0,1.0,40.0,0.0,6.0
41.0,0.0,21.0,3.0,73.0,16.0,3.0,18.0,2.0,4.7,0.0,5.0,0.0,0.0,46.0,2.0,1.0
65.0,0.0,24.0,3.0,72.0,31.0,0.0,21.0,3.0,4.8,0.0,1.0,0.0,0.0,1.0,2.0,5.0
47.0,1.0,5.0,0.0,64.0,3.0,0.0,21.0,0.0,3.7,1.0,1.0,1.0,1.0,37.0,5.0,6.0
30.0,0.0,5.0,0.0,59.0,7.0,3.0,7.0,0.0,3.8,0.0,4.0,0.0,0.0,24.0,2.0,6.0
47.0,1.0,10.0,0.0,71.0,28.0,0.0,1.0,2.0,4.4,1.0,5.0,1.0,1.0,5.0,3.0,2.0
43.0,1.0,13.0,0.0,25.0,43.0,0.0,24.0,0.0,3.3,1.0,4.0,1.0,1.0,48.0,1.0,5.0
25.0,0.0,1.0,0.0,61.0,0.0,2.0,11.0,1.0,3.8,1.0,0.0,1.0,1.0,49.0,2.0,2.0
59.0,0.0,7.0,2.0,68.0,4.0,0.0,15.0,1.0,4.6,1.0,5.0,0.0,0.0,42.0,4.0,4.0
53.0,0.0,0.0,0.0,70.0,10.0,0.0,20.0,1.0,4.4,1.0,2.0,1.0,1.0,35.0,2.0,0.0
31.0,1.0,4.0,1.0,82.0,49.0,2.0,7.0,3.0,3.4,1.0,2.0,1.0,1.0,3.0,2.0,6.0
57.0,1.0,14.0,2.0,92.0,35.0,3.0,12.0,3.0,4.3,1.0,1.0,1.0,1.0,23.0,5.0,4.0
42.0,0.0,22.0,3.0,77.0,48.0,0.0,24.0,2.0,3.6,1.0,3.0,1.0,1.0,33.0,4.0,2.0
39.0,0.0,21.0,3.0,75.0,22.0,0.0,16.0,1.0,3.1,0.0,0.0,0.0,0.0,25.0,5.0,5.0
58.0,0.0,14.0,2.0,80.0,18.0,0.0,24.0,3.0,2.5,0.0,0.0,0.0,0.0,28.0,1.0,4.0
34.0,1.0,20.0,0.0,63.0,1.0,2.0,13.0,1.0,4.5,1.0,1.0,1.0,1.0,24.0,5.0,2.0
69.0,1.0,24.0,3.0,34.0,36.0,0.0,8.0,3.0,3.9,1.0,4.0,1.0,1.0,34.0,2.0,2.0
46.0,0.0,13.0,0.0,75.0,12.0,2.0,13.0,0.0,3.3,1.0,3.0,1.0,1.0,35.0,3.0,3.0
21.0,0.0,0.0,0.0,50.0,13.0,1.0,16.0,0.0,3.0,0.0,2.0,0.0,0.0,24.0,0.0,0.0
35.0,1.0,24.0,3.0,79.0,26.0,2.0,9.0,3.0,3.4,1.0,4.0,1.0,1.0,19.0,0.0,1.0
39.0,1.0,2.0,0.0,55.0,25.0,2.0,10.0,0.0,3.7,1.0,1.0,1.0,1.0,23.0,2.0,5.0
55.0,0.0,6.0,0.0,88.0,20.0,0.0,22.0,0.0,3.1,0.0,1.0,0.0,0.0,42.0,4.0,0.0
26.0,1.0,3.0,1.0,55.0,23.0,2.0,14.0,1.0,4.0,1.0,5.0,1.0,1.0,17.0,1.0,4.0
46.0,0.0,2.0,0.0,47.0,44.0,0.0,2.0,2.0,4.8,0.0,0.0,0.0,0.0,27.0,5.0,1.0
65.0,0.0,10.0,0.0,89.0,25.0,0.0,19.0,2.0,4.7,1.0,4.0,1.0,1.0,36.0,1.0,6.0
45.0,0.0,22.0,3.0,40.0,44.0,2.0,23.0,3.0,3.1,1.0,1.0,0.0,0.0,10.0,2.0,0.0
25.0,0.0,11.0,0.0,33.0,24.0,3.0,14.0,1.0,4.8,1.0,3.0,1.0,1.0,3.0,3.0,0.0
55.0,1.0,17.0,0.0,99.0,5.0,1.0,24.0,0.0,4.9,1.0,0.0,1.0,1.0,1.0,5.0,0.0
36.0,0.0,8.0,3.0,22.0,18.0,2.0,4.0,3.0,3.3,0.0,1.0,0.0,0.0,46.0,0.0,5.0
28.0,1.0,11.0,0.0,78.0,49.0,2.0,10.0,1.0,4.3,1.0,2.0,1.0,1.0,12.0,3.0,1.0
61.0,1.0,13.0,0.0,68.0,39.0,0.0,21.0,3.0,4.6,1.0,3.0,1.0,1.0,12.0,2.0,2.0
22.0,1.0,19.0,3.0,46.0,31.0,2.0,14.0,0.0,4.1,1.0,5.0,1.0,1.0,24.0,1.0,3.0
31.0,1.0,11.0,0.0,67.0,14.0,2.0,3.0,0.0,5.0,1.0,1.0,1.0,1.0,45.0,1.0,4.0
62.0,1.0,12.0,3.0,20.0,12.0,2.0,6.0,3.0,4.0,1.0,3.0,1.0,1.0,46.0,4.0,2.0
54.0,0.0,9.0,1.0,84.0,1.0,2.0,20.0,1.0,4.9,1.0,2.0,1.0,1.0,16.0,3.0,6.0
54.0,0.0,20.0,0.0,88.0,42.0,2.0,3.0,2.0,3.3,1.0,4.0,0.0,0.0,35.0,5.0,2.0
41.0,0.0,9.0,1.0,89.0,24.0,0.0,6.0,2.0,4.6,1.0,5.0,1.0,1.0,19.0,2.0,1.0
65.0,0.0,5.0,0.0,69.0,32.0,1.0,10.0,0.0,3.1,0.0,0.0,0.0,0.0,39.0,4.0,6.0
49.0,0.0,13.0,0.0,21.0,7.0,2.0,2.0,0.0,2.7,1.0,1.0,0.0,0.0,2.0,3.0,1.0
20.0,0.0,17.0,0.0,36.0,34.0,1.0,6.0,1.0,4.9,1.0,4.0,1.0,1.0,31.0,4.0,1.0
60.0,0.0,0.0,0.0,21.0,16.0,3.0,21.0,2.0,3.3,1.0,3.0,1.0,1.0,25.0,1.0,4.0
40.0,0.0,14.0,2.0,42.0,45.0,0.0,7.0,0.0,4.4,1.0,3.0,1.0,1.0,48.0,2.0,1.0
26.0,0.0,16.0,3.0,37.0,47.0,0.0,22.0,1.0,3.0,1.0,5.0,1.0,1.0,47.0,1.0,6.0
54.0,1.0,1.0,0.0,91.0,26.0,2.0,1.0,1.0,2.8,1.0,5.0,1.0,1.0,43.0,2.0,6.0
29.0,0.0,13.0,0.0,81.0,27.0,1.0,21.0,2.0,3.0,1.0,1.0,0.0,0.0,14.0,4.0,0.0
59.0,0.0,17.0,0.0,20.0,15.0,3.0,24.0,1.0,4.1,1.0,5.0,0.0,0.0,3.0,3.0,6.0
41.0,0.0,13.0,0.0,56.0,36.0,2.0,16.0,1.0,4.2,0.0,3.0,0.0,0.0,21.0,5.0,4.0
63.0,1.0,17.0,0.0,82.0,47.0,2.0,5.0,1.0,2.9,1.0,3.0,1.0,1.0,30.0,2.0,2.0
56.0,0.0,13.0,0.0,37.0,18.0,2.0,15.0,2.0,3.2,0.0,5.0,0.0,0.0,32.0,5.0,2.0
68.0,0.0,1.0,0.0,58.0,7.0,0.0,14.0,1.0,4.0,1.0,2.0,1.0,1.0,1.0,3.0,1.0
19.0,0.0,10.0,0.0,59.0,45.0,2.0,21.0,2.0,3.3,1.0,3.0,1.0,1.0,19.0,2.0,2.0
45.0,0.0,16.0,3.0,50.0,35.0,2.0,15.0,2.0,2.6,0.0,2.0,0.0,0.0,41.0,3.0,2.0
62.0,1.0,0.0,0.0,57.0,25.0,3.0,2.0,0.0,4.9,1.0,1.0,1.0,1.0,31.0,0.0,2.0
67.0,0.0,11.0,0.0,91.0,11.0,0.0,22.0,0.0,4.1,0.0,0.0,0.0,0.0,34.0,4.0,1.0
37.0,0.0,4.0,1.0,47.0,40.0,2.0,22.0,3.0,2.6,0.0,2.0,0.0,0.0,29.0,1.0,6.0
60.0,1.0,16.0,3.0,40.0,11.0,2.0,22.0,2.0,3.6,1.0,4.0,1.0,1.0,32.0,4.0,0.0
38.0,0.0,13.0,0.0,89.0,2.0,0.0,14.0,1.0,3.4,0.0,2.0,0.0,0.0,6.0,3.0,2.0
68.0,0.0,2.0,0.0,22.0,17.0,1.0,23.0,3.0,4.0,0.0,2.0,0.0,0.0,7.0,1.0,0.0
66.0,1.0,15.0,0.0,91.0,25.0,3.0,23.0,3.0,3.8,1.0,5.0,1.0,1.0,1.0,2.0,6.0
25.0,0.0,21.0,3.0,58.0,42.0,2.0,17.0,1.0,4.9,1.0,5.0,1.0,1.0,39.0,5.0,0.0
52.0,0.0,20.0,0.0,39.0,46.0,0.0,13.0,3.0,4.5,1.0,2.0,1.0,1.0,37.0,4.0,5.0
59.0,0.0,16.0,3.0,38.0,15.0,1.0,13.0,0.0,4.0,1.0,5.0,1.0,1.0,16.0,1.0,4.0
37.0,0.0,18.0,3.0,92.0,33.0,3.0,22.0,2.0,4.3,1.0,2.0,0.0,0.0,8.0,0.0,2.0
45.0,0.0,0.0,0.0,92.0,8.0,0.0,4.0,0.0,3.3,1.0,0.0,1.0,1.0,21.0,3.0,2.0
40.0,1.0,12.0,3.0,100.0,15.0,2.0,3.0,0.0,3.2,1.0,0.0,1.0,1.0,28.0,2.0,0.0
29.0,0.0,0.0,0.0,56.0,44.0,3.0,1.0,2.0,3.2,1.0,1.0,1.0,1.0,3.0,4.0,4.0
49.0,0.0,12.0,3.0,81.0,25.0,2.0,11.0,0.0,3.4,1.0,4.0,1.0,1.0,22.0,4.0,3.0
59.0,0.0,11.0,0.0,81.0,6.0,0.0,21.0,3.0,3.6,1.0,1.0,1.0,1.0,25.0,1.0,6.0
47.0,1.0,17.0,0.0,73.0,31.0,3.0,13.0,0.0,2.5,1.0,1.0,1.0,1.0,10.0,3.0,5.0
53.0,0.0,6.0,0.0,91.0,40.0,1.0,11.0,0.0,3.5,0.0,1.0,0.0,0.0,14.0,2.0,6.0
69.0,0.0,20.0,0.0,79.0,34.0,2.0,21.0,0.0,3.5,1.0,4.0,1.0,1.0,49.0,5.0,3.0
28.0,0.0,13.0,0.0,60.0,39.0,2.0,15.0,0.0,2.9,0.0,4.0,0.0,0.0,38.0,0.0,4.0
59.0,0.0,24.0,3.0,84.0,2.0,2.0,10.0,3.0,2.9,1.0,5.0,1.0,1.0,32.0,1.0,4.0
28.0,0.0,15.0,0.0,27.0,23.0,3.0,1.0,2.0,3.0,1.0,5.0,1.0,1.0,41.0,4.0,2.0
26.0,0.0,21.0,3.0,20.0,42.0,2.0,15.0,1.0,3.6,1.0,5.0,0.0,0.0,20.0,2.0,4.0
22.0,1.0,12.0,3.0,36.0,44.0,1.0,24.0,0.0,2.9,1.0,3.0,1.0,1.0,30.0,5.0,3.0
63.0,0.0,3.0,1.0,72.0,49.0,0.0,7.0,2.0,5.0,1.0,3.0,0.0,0.0,39.0,5.0,3.0
40.0,0.0,11.0,0.0,44.0,28.0,0.0,13.0,2.0,4.6,1.0,5.0,0.0,0.0,26.0,3.0,2.0
36.0,1.0,8.0,3.0,57.0,28.0,2.0,23.0,3.0,4.6,1.0,5.0,1.0,1.0,42.0,3.0,3.0
31.0,0.0,9.0,1.0,99.0,10.0,2.0,14.0,2.0,4.0,1.0,4.0,1.0,1.0,5.0,4.0,5.0
52.0,0.0,21.0,3.0,89.0,22.0,2.0,21.0,2.0,3.1,0.0,1.0,0.0,0.0,18.0,2.0,1.0
33.0,0.0,7.0,2.0,29.0,0.0,2.0,0.0,1.0,4.3,0.0,0.0,0.0,0.0,49.0,2.0,2.0
34.0,0.0,16.0,3.0,53.0,7.0,2.0,22.0,1.0,4.5,1.0,4.0,1.0,1.0,19.0,3.0,0.0
46.0,0.0,3.0,1.0,40.0,12.0,2.0,20.0,1.0,4.9,0.0,0.0,0.0,0.0,5.0,3.0,3.0
59.0,1.0,0.0,0.0,48.0,15.0,0.0,24.0,1.0,3.2,1.0,2.0,1.0,1.0,31.0,3.0,4.0
35.0,1.0,17.0,0.0,59.0,42.0,2.0,3.0,3.0,3.8,1.0,1.0,1.0,1.0,3.0,0.0,1.0
43.0,0.0,0.0,0.0,99.0,5.0,0.0,10.0,1.0,4.3,1.0,5.0,1.0,1.0,27.0,5.0,0.0
20.0,0.0,2.0,0.0,39.0,42.0,0.0,0.0,0.0,3.9,0.0,1.0,0.0,0.0,3.0,4.0,3.0
26.0,1.0,10.0,0.0,63.0,40.0,2.0,8.0,2.0,4.5,1.0,3.0,1.0,1.0,47.0,5.0,4.0
52.0,1.0,15.0,0.0,26.0,8.0,3.0,15.0,0.0,2.8,1.0,4.0,1.0,1.0,47.0,2.0,3.0
42.0,0.0,7.0,2.0,82.0,33.0,2.0,10.0,3.0,4.0,0.0,4.0,0.0,0.0,38.0,5.0,1.0
28.0,0.0,4.0,1.0,67.0,33.0,0.0,8.0,0.0,3.1,0.0,2.0,0.0,0.0,46.0,3.0,0.0
43.0,0.0,19.0,3.0,94.0,21.0,0.0,0.0,3.0,4.9,0.0,5.0,0.0,0.0,25.0,1.0,5.0
69.0,1.0,6.0,0.0,80.0,3.0,2.0,21.0,1.0,4.9,1.0,2.0,1.0,1.0,11.0,5.0,1.0
69.0,0.0,13.0,0.0,21.0,48.0,0.0,4.0,3.0,3.3,1.0,2.0,1.0,1.0,10.0,4.0,6.0
57.0,1.0,24.0,3.0,83.0,29.0,1.0,17.0,0.0,3.9,1.0,3.0,1.0,1.0,48.0,3.0,0.0
57.0,0.0,5.0,0.0,40.0,26.0,2.0,20.0,1.0,2.6,1.0,4.0,1.0,1.0,12.0,1.0,1.0
48.0,0.0,2.0,0.0,53.0,22.0,0.0,14.0,3.0,3.2,1.0,5.0,1.0,1.0,5.0,1.0,0.0
56.0,0.0,20.0,0.0,76.0,28.0,1.0,19.0,0.0,3.9,1.0,5.0,1.0,1.0,50.0,1.0,3.0
58.0,0.0,23.0,1.0,62.0,18.0,2.0,10.0,1.0,2.7,1.0,2.0,1.0,1.0,17.0,5.0,4.0
29.0,0.0,3.0,1.0,38.0,14.0,1.0,22.0,3.0,3.8,1.0,0.0,1.0,1.0,13.0,5.0,3.0
62.0,0.0,2.0,0.0,98.0,6.0,1.0,7.0,0.0,4.0,1.0,5.0,1.0,1.0,38.0,1.0,2.0
59.0,1.0,12.0,3.0,61.0,32.0,0.0,9.0,2.0,3.6,1.0,1.0,1.0,1.0,21.0,0.0,4.0
57.0,0.0,10.0,0.0,81.0,5.0,2.0,9.0,0.0,4.7,1.0,0.0,1.0,1.0,48.0,2.0,5.0
47.0,0.0,14.0,2.0,34.0,32.0,2.0,7.0,2.0,4.7,1.0,2.0,1.0,1.0,28.0,4.0,5.0
55.0,1.0,14.0,2.0,50.0,39.0,3.0,8.0,2.0,4.5,1.0,3.0,1.0,1.0,35.0,2.0,5.0
32.0,0.0,1.0,0.0,36.0,34.0,0.0,6.0,3.0,3.8,1.0,0.0,0.0,0.0,26.0,1.0,3.0
60.0,1.0,1.0,0.0,34.0,12.0,1.0,24.0,3.0,3.2,1.0,4.0,1.0,1.0,31.0,3.0,0.0
60.0,0.0,22.0,3.0,63.0,44.0,1.0,13.0,3.0,3.8,1.0,0.0,0.0,0.0,25.0,1.0,3.0
26.0,0.0,16.0,3.0,31.0,26.0,1.0,13.0,2.0,4.0,1.0,2.0,0.0,0.0,6.0,2.0,0.0
25.0,1.0,4.0,1.0,92.0,16.0,3.0,6.0,0.0,4.1,1.0,0.0,1.0,1.0,29.0,3.0,0.0
29.0,1.0,13.0,0.0,37.0,30.0,3.0,13.0,0.0,5.0,1.0,2.0,1.0,1.0,5.0,3.0,3.0
45.0,1.0,21.0,3.0,49.0,24.0,2.0,13.0,0.0,2.6,1.0,2.0,1.0,1.0,42.0,3.0,6.0
47.0,0.0,0.0,0.0,78.0,29.0,2.0,16.0,0.0,3.9,0.0,4.0,0.0,0.0,23.0,2.0,6.0
62.0,0.0,15.0,0.0,70.0,8.0,0.0,13.0,3.0,4.1,1.0,0.0,1.0,1.0,36.0,4.0,5.0
31.0,0.0,10.0,0.0,22.0,3.0,0.0,7.0,0.0,2.9,0.0,5.0,0.0,0.0,33.0,2.0,0.0
45.0,1.0,6.0,0.0,43.0,39.0,0.0,8.0,1.0,3.8,1.0,2.0,1.0,1.0,6.0,3.0,6.0
26.0,1.0,11.0,0.0,28.0,20.0,2.0,6.0,0.0,4.0,1.0,0.0,1.0,1.0,17.0,5.0,1.0
50.0,1.0,12.0,3.0,97.0,42.0,0.0,14.0,3.0,3.6,1.0,1.0,1.0,1.0,4.0,2.0,2.0
22.0,0.0,8.0,3.0,97.0,14.0,2.0,16.0,3.0,2.7,1.0,1.0,0.0,0.0,5.0,4.0,3.0
68.0,1.0,9.0,1.0,85.0,27.0,0.0,22.0,1.0,4.7,1.0,1.0,1.0,1.0,48.0,0.0,0.0
52.0,0.0,5.0,0.0,28.0,18.0,2.0,2.0,1.0,3.6,1.0,2.0,0.0,0.0,28.0,1.0,0.0
45.0,1.0,4.0,1.0,69.0,41.0,2.0,10.0,1.0,3.4,1.0,3.0,1.0,1.0,14.0,0.0,4.0
25.0,0.0,19.0,3.0,38.0,10.0,2.0,1.0,2.0,4.3,1.0,3.0,0.0,0.0,42.0,5.0,1.0
28.0,0.0,12.0,3.0,80.0,33.0,2.0,7.0,2.0,4.8,1.0,2.0,0.0,0.0,11.0,3.0,4.0
50.0,1.0,19.0,3.0,85.0,34.0,0.0,7.0,0.0,3.9,1.0,0.0,1.0,1.0,3.0,4.0,1.0
48.0,1.0,4.0,1.0,88.0,36.0,2.0,20.0,1.0,4.4,1.0,0.0,1.0,1.0,9.0,1.0,3.0
54.0,0.0,2.0,0.0,24.0,45.0,3.0,0.0,1.0,4.7,0.0,4.0,0.0,0.0,37.0,2.0,0.0
54.0,0.0,0.0,0.0,42.0,47.0,2.0,5.0,3.0,3.9,1.0,2.0,1.0,1.0,40.0,4.0,3.0
49.0,0.0,1.0,0.0,80.0,44.0,2.0,20.0,1.0,4.1,0.0,1.0,0.0,0.0,10.0,3.0,1.0
32.0,0.0,5.0,0.0,79.0,7.0,2.0,12.0,1.0,2.7,1.0,2.0,0.0,0.0,27.0,4.0,1.0
49.0,1.0,4.0,1.0,49.0,23.0,2.0,8.0,2.0,2.5,1.0,2.0,1.0,1.0,38.0,5.0,2.0
59.0,0.0,14.0,2.0,66.0,11.0,2.0,15.0,0.0,2.8,1.0,5.0,1.0,1.0,43.0,0.0,5.0
38.0,0.0,5.0,0.0,82.0,4.0,2.0,8.0,1.0,3.7,1.0,4.0,1.0,1.0,20.0,0.0,1.0
70.0,1.0,22.0,3.0,22.0,9.0,1.0,0.0,1.0,3.5,1.0,1.0,1.0,1.0,2.0,1.0,1.0
22.0,0.0,5.0,0.0,72.0,9.0,0.0,24.0,1.0,4.8,1.0,5.0,1.0,1.0,28.0,1.0,2.0
29.0,0.0,9.0,1.0,74.0,21.0,0.0,10.0,1.0,3.3,0.0,1.0,0.0,0.0,5.0,3.0,5.0
37.0,0.0,1.0,0.0,25.0,15.0,2.0,4.0,3.0,3.0,1.0,2.0,0.0,0.0,40.0,5.0,0.0
68.0,0.0,14.0,2.0,46.0,48.0,1.0,5.0,0.0,4.4,1.0,2.0,0.0,0.0,5.0,3.0,6.0
40.0,0.0,4.0,1.0,84.0,20.0,0.0,19.0,0.0,3.8,1.0,3.0,1.0,1.0,18.0,5.0,1.0
23.0,0.0,18.0,3.0,81.0,7.0,0.0,8.0,1.0,4.0,1.0,5.0,1.0,1.0,24.0,4.0,4.0
45.0,0.0,18.0,3.0,95.0,4.0,3.0,13.0,3.0,4.0,1.0,3.0,0.0,0.0,41.0,1.0,1.0
44.0,0.0,16.0,3.0,76.0,45.0,2.0,21.0,0.0,2.5,1.0,0.0,0.0,0.0,42.0,1.0,4.0
55.0,1.0,8.0,3.0,21.0,46.0,0.0,15.0,1.0,4.5,1.0,0.0,1.0,1.0,10.0,0.0,5.0
61.0,1.0,22.0,3.0,94.0,32.0,1.0,19.0,3.0,4.1,1.0,4.0,1.0,1.0,17.0,0.0,3.0
64.0,1.0,11.0,0.0,69.0,36.0,0.0,11.0,1.0,4.8,1.0,0.0,1.0,1.0,42.0,5.0,4.0
18.0,0.0,10.0,0.0,26.0,42.0,2.0,8.0,0.0,2.9,0.0,5.0,0.0,0.0,21.0,4.0,6.0
68.0,1.0,2.0,0.0,41.0,15.0,2.0,9.0,3.0,4.3,1.0,5.0,1.0,1.0,36.0,4.0,6.0
62.0,0.0,11.0,0.0,76.0,5.0,1.0,12.0,1.0,4.1,0.0,1.0,0.0,0.0,14.0,3.0,3.0
20.0,1.0,22.0,3.0,60.0,16.0,1.0,2.0,2.0,3.4,1.0,2.0,1.0,1.0,4.0,2.0,0.0
24.0,0.0,4.0,1.0,100.0,28.0,2.0,22.0,3.0,4.0,0.0,5.0,0.0,0.0,35.0,1.0,4.0
39.0,1.0,17.0,0.0,38.0,49.0,3.0,2.0,0.0,2.5,1.0,5.0,1.0,1.0,44.0,1.0,2.0
33.0,0.0,16.0,3.0,90.0,31.0,0.0,11.0,2.0,2.8,0.0,2.0,0.0,0.0,11.0,1.0,5.0
48.0,0.0,7.0,2.0,39.0,49.0,0.0,11.0,1.0,4.6,1.0,5.0,1.0,1.0,42.0,4.0,3.0
47.0,0.0,10.0,0.0,51.0,29.0,2.0,17.0,2.0,2.9,0.0,0.0,0.0,0.0,34.0,4.0,5.0
23.0,1.0,19.0,3.0,83.0,1.0,2.0,14.0,1.0,2.8,1.0,4.0,1.0,1.0,22.0,3.0,0.0
29.0,0.0,13.0,0.0,69.0,37.0,2.0,12.0,0.0,2.7,1.0,2.0,0.0,0.0,9.0,4.0,3.0
61.0,1.0,16.0,3.0,30.0,27.0,0.0,21.0,0.0,3.3,1.0,4.0,1.0,1.0,42.0,3.0,1.0
49.0,0.0,10.0,0.0,82.0,42.0,0.0,17.0,1.0,2.9,1.0,4.0,0.0,0.0,44.0,2.0,4.0
53.0,0.0,10.0,0.0,79.0,3.0,2.0,21.0,0.0,3.1,1.0,1.0,1.0,1.0,32.0,1.0,3.0
36.0,0.0,17.0,0.0,31.0,25.0,0.0,21.0,2.0,4.3,1.0,4.0,0.0,0.0,25.0,5.0,1.0
30.0,1.0,0.0,0.0,91.0,12.0,2.0,5.0,2.0,3.3,1.0,1.0,1.0,1.0,2.0,0.0,6.0
18.0,0.0,14.0,2.0,22.0,20.0,2.0,14.0,3.0,2.9,0.0,5.0,0.0,0.0,16.0,5.0,1.0
32.0,0.0,14.0,2.0,36.0,41.0,0.0,11.0,3.0,4.0,1.0,0.0,1.0,1.0,42.0,5.0,1.0
37.0,0.0,18.0,3.0,42.0,25.0,1.0,24.0,2.0,3.2,1.0,2.0,0.0,0.0,9.0,0.0,4.0
20.0,0.0,22.0,3.0,30.0,37.0,3.0,24.0,2.0,3.4,0.0,0.0,0.0,0.0,15.0,4.0,6.0
44.0,0.0,8.0,3.0,45.0,31.0,1.0,13.0,0.0,4.1,1.0,1.0,1.0,1.0,34.0,2.0,0.0
63.0,1.0,3.0,1.0,21.0,49.0,3.0,20.0,2.0,4.8,1.0,2.0,1.0,1.0,24.0,3.0,1.0
62.0,0.0,11.0,0.0,35.0,36.0,1.0,18.0,1.0,3.1,1.0,5.0,1.0,1.0,34.0,0.0,1.0
65.0,0.0,1.0,0.0,36.0,27.0,0.0,10.0,2.0,3.9,1.0,4.0,0.0,0.0,7.0,4.0,0.0
68.0,0.0,12.0,3.0,24.0,17.0,0.0,10.0,2.0,3.2,1.0,3.0,0.0,0.0,40.0,1.0,2.0
26.0,0.0,1.0,0.0,24.0,26.0,0.0,17.0,2.0,3.9,0.0,5.0,0.0,0.0,24.0,5.0,5.0
22.0,1.0,10.0,0.0,97.0,10.0,2.0,17.0,3.0,2.8,1.0,1.0,1.0,1.0,5.0,4.0,6.0
60.0,0.0,13.0,0.0,21.0,33.0,3.0,19.0,3.0,3.1,1.0,4.0,1.0,1.0,23.0,1.0,0.0
39.0,0.0,6.0,0.0,98.0,9.0,2.0,22.0,2.0,4.6,1.0,5.0,1.0,1.0,9.0,1.0,0.0
18.0,0.0,20.0,0.0,93.0,34.0,1.0,1.0,0.0,4.8,1.0,4.0,1.0,1.0,9.0,4.0,6.0
58.0,1.0,19.0,3.0,83.0,24.0,2.0,24.0,0.0,4.1,1.0,3.0,1.0,1.0,18.0,3.0,6.0
57.0,0.0,22.0,3.0,82.0,41.0,1.0,6.0,2.0,4.5,1.0,2.0,1.0,1.0,8.0,2.0,0.0
18.0,1.0,8.0,3.0,88.0,6.0,0.0,2.0,3.0,3.8,1.0,3.0,1.0,1.0,46.0,3.0,1.0
27.0,0.0,0.0,0.0,37.0,26.0,0.0,22.0,1.0,4.9,1.0,5.0,0.0,0.0,19.0,4.0,4.0
46.0,1.0,18.0,3.0,37.0,37.0,1.0,21.0,1.0,3.2,1.0,5.0,1.0,1.0,43.0,3.0,5.0
48.0,1.0,22.0,3.0,52.0,3.0,0.0,17.0,0.0,3.4,1.0,5.0,1.0,1.0,50.0,5.0,1.0
47.0,0.0,20.0,0.0,36.0,9.0,0.0,10.0,3.0,4.3,1.0,4.0,1.0,1.0,14.0,1.0,1.0
55.0,0.0,16.0,3.0,54.0,6.0,2.0,4.0,0.0,4.5,0.0,1.0,0.0,0.0,36.0,1.0,1.0
44.0,0.0,21.0,3.0,49.0,12.0,2.0,15.0,2.0,3.2,1.0,1.0,1.0,1.0,38.0,0.0,4.0
29.0,0.0,20.0,0.0,39.0,29.0,2.0,10.0,1.0,3.8,0.0,4.0,0.0,0.0,48.0,3.0,6.0
44.0,0.0,23.0,1.0,55.0,14.0,2.0,4.0,2.0,4.4,1.0,4.0,1.0,1.0,47.0,1.0,1.0
29.0,1.0,9.0,1.0,56.0,14.0,0.0,0.0,0.0,4.9,1.0,4.0,1.0,1.0,45.0,1.0,1.0
40.0,0.0,19.0,3.0,77.0,45.0,2.0,15.0,1.0,4.0,1.0,4.0,1.0,1.0,22.0,5.0,5.0
56.0,1.0,3.0,1.0,37.0,8.0,2.0,10.0,3.0,3.8,1.0,4.0,1.0,1.0,37.0,4.0,5.0
35.0,0.0,23.0,1.0,66.0,13.0,1.0,22.0,0.0,4.0,1.0,0.0,1.0,1.0,26.0,1.0,1.0
42.0,0.0,3.0,1.0,20.0,40.0,3.0,19.0,2.0,4.5,1.0,4.0,1.0,1.0,44.0,4.0,3.0
63.0,0.0,23.0,1.0,21.0,21.0,0.0,0.0,2.0,3.0,1.0,0.0,1.0,1.0,4.0,2.0,3.0
18.0,1.0,2.0,0.0,62.0,8.0,2.0,11.0,0.0,3.1,1.0,1.0,1.0,1.0,21.0,2.0,6.0
70.0,0.0,16.0,3.0,99.0,22.0,1.0,3.0,2.0,4.6,0.0,1.0,0.0,0.0,48.0,1.0,5.0
54.0,0.0,13.0,0.0,38.0,24.0,0.0,14.0,2.0,3.3,0.0,5.0,0.0,0.0,45.0,1.0,3.0
54.0,0.0,12.0,3.0,48.0,34.0,2.0,7.0,3.0,3.9,1.0,1.0,1.0,1.0,3.0,1.0,3.0
68.0,0.0,3.0,1.0,92.0,33.0,2.0,22.0,3.0,5.0,1.0,3.0,1.0,1.0,27.0,3.0,2.0
31.0,0.0,1.0,0.0,72.0,32.0,1.0,6.0,3.0,3.9,1.0,2.0,0.0,0.0,6.0,2.0,5.0
45.0,0.0,4.0,1.0,64.0,49.0,3.0,6.0,0.0,3.9,1.0,0.0,1.0,1.0,35.0,4.0,3.0
29.0,0.0,10.0,0.0,37.0,20.0,2.0,16.0,0.0,3.7,0.0,4.0,0.0,0.0,44.0,0.0,6.0
20.0,0.0,1.0,0.0,67.0,25.0,0.0,11.0,1.0,4.0,1.0,1.0,1.0,1.0,34.0,5.0,2.0
56.0,0.0,4.0,1.0,47.0,46.0,2.0,16.0,2.0,3.0,0.0,0.0,0.0,0.0,34.0,4.0,1.0
34.0,0.0,12.0,3.0,76.0,28.0,1.0,24.0,0.0,2.6,0.0,3.0,0.0,0.0,32.0,4.0,3.0
31.0,0.0,4.0,1.0,89.0,22.0,0.0,6.0,2.0,3.0,1.0,0.0,0.0,0.0,30.0,1.0,6.0
26.0,1.0,19.0,3.0,80.0,19.0,2.0,4.0,1.0,4.0,1.0,0.0,1.0,1.0,40.0,4.0,4.0
61.0,0.0,19.0,3.0,93.0,30.0,2.0,7.0,2.0,4.0,1.0,5.0,0.0,0.0,18.0,5.0,2.0
42.0,0.0,3.0,1.0,44.0,4.0,0.0,13.0,0.0,4.1,0.0,0.0,0.0,0.0,24.0,3.0,5.0
42.0,0.0,24.0,3.0,45.0,5.0,3.0,21.0,1.0,4.3,1.0,2.0,1.0,1.0,29.0,5.0,1.0
31.0,0.0,4.0,1.0,74.0,42.0,2.0,8.0,0.0,3.0,0.0,5.0,0.0,0.0,30.0,2.0,6.0
42.0,0.0,16.0,3.0,30.0,16.0,1.0,6.0,3.0,4.7,1.0,5.0,0.0,0.0,15.0,5.0,5.0
58.0,0.0,21.0,3.0,99.0,29.0,1.0,24.0,3.0,3.4,1.0,1.0,1.0,1.0,6.0,5.0,0.0
70.0,1.0,22.0,3.0,45.0,31.0,2.0,10.0,0.0,3.3,1.0,1.0,1.0,1.0,15.0,2.0,2.0
63.0,0.0,17.0,0.0,98.0,37.0,2.0,7.0,0.0,5.0,1.0,3.0,0.0,0.0,9.0,0.0,4.0
62.0,1.0,19.0,3.0,48.0,47.0,3.0,23.0,3.0,4.3,1.0,1.0,1.0,1.0,20.0,1.0,2.0
61.0,0.0,10.0,0.0,56.0,12.0,2.0,4.0,2.0,3.0,1.0,5.0,1.0,1.0,34.0,0.0,3.0
29.0,1.0,23.0,1.0,24.0,1.0,0.0,22.0,1.0,3.0,1.0,0.0,1.0,1.0,12.0,0.0,4.0
64.0,0.0,5.0,0.0,38.0,5.0,0.0,20.0,1.0,2.9,1.0,3.0,1.0,1.0,10.0,0.0,2.0
20.0,0.0,18.0,3.0,68.0,25.0,2.0,8.0,0.0,3.6,0.0,4.0,0.0,0.0,45.0,1.0,0.0
33.0,1.0,22.0,3.0,91.0,6.0,2.0,23.0,1.0,3.4,1.0,4.0,1.0,1.0,34.0,2.0,4.0
42.0,1.0,17.0,0.0,36.0,41.0,3.0,1.0,3.0,4.4,1.0,1.0,1.0,1.0,47.0,2.0,0.0
59.0,1.0,10.0,0.0,70.0,6.0,2.0,13.0,2.0,3.3,1.0,4.0,1.0,1.0,18.0,4.0,1.0
62.0,1.0,15.0,0.0,68.0,16.0,3.0,1.0,0.0,4.7,1.0,5.0,1.0,1.0,42.0,2.0,6.0
29.0,1.0,19.0,3.0,52.0,20.0,0.0,24.0,2.0,4.0,1.0,0.0,1.0,1.0,18.0,4.0,2.0
57.0,0.0,10.0,0.0,82.0,14.0,3.0,20.0,1.0,4.4,1.0,1.0,1.0,1.0,19.0,0.0,2.0
18.0,0.0,5.0,0.0,58.0,7.0,2.0,15.0,3.0,3.0,1.0,1.0,1.0,1.0,34.0,1.0,2.0
52.0,1.0,9.0,1.0,26.0,15.0,3.0,16.0,3.0,2.6,1.0,1.0,1.0,1.0,43.0,3.0,4.0
60.0,0.0,10.0,0.0,94.0,40.0,2.0,24.0,1.0,4.6,0.0,0.0,0.0,0.0,38.0,1.0,2.0
53.0,0.0,6.0,0.0,96.0,46.0,2.0,5.0,3.0,4.0,1.0,0.0,1.0,1.0,9.0,3.0,2.0
43.0,1.0,13.0,0.0,56.0,42.0,1.0,2.0,2.0,5.0,1.0,4.0,1.0,1.0,41.0,5.0,0.0
33.0,1.0,17.0,0.0,84.0,34.0,1.0,6.0,0.0,4.9,1.0,1.0,1.0,1.0,7.0,0.0,2.0
22.0,0.0,13.0,0.0,73.0,40.0,0.0,17.0,3.0,3.6,1.0,1.0,0.0,0.0,20.0,1.0,1.0
55.0,1.0,15.0,0.0,66.0,38.0,0.0,6.0,0.0,3.0,1.0,3.0,1.0,1.0,39.0,1.0,1.0
42.0,1.0,0.0,0.0,59.0,34.0,2.0,12.0,0.0,3.5,1.0,3.0,1.0,1.0,39.0,4.0,5.0
66.0,1.0,6.0,0.0,98.0,10.0,3.0,11.0,2.0,3.0,1.0,3.0,1.0,1.0,27.0,5.0,3.0
22.0,1.0,3.0,1.0,59.0,42.0,2.0,0.0,2.0,2.7,1.0,5.0,1.0,1.0,9.0,1.0,1.0
37.0,1.0,15.0,0.0,45.0,37.0,0.0,6.0,0.0,3.0,1.0,5.0,1.0,1.0,42.0,2.0,3.0
48.0,1.0,1.0,0.0,64.0,24.0,1.0,15.0,0.0,4.0,1.0,1.0,1.0,1.0,30.0,0.0,4.0
59.0,0.0,22.0,3.0,69.0,36.0,3.0,14.0,2.0,3.8,0.0,4.0,0.0,0.0,31.0,0.0,4.0
66.0,0.0,1.0,0.0,26.0,42.0,0.0,4.0,1.0,2.7,1.0,4.0,1.0,1.0,15.0,4.0,5.0
54.0,1.0,8.0,3.0,51.0,24.0,2.0,10.0,1.0,3.8,1.0,2.0,1.0,1.0,41.0,5.0,6.0
29.0,0.0,5.0,0.0,99.0,16.0,3.0,17.0,1.0,2.9,0.0,4.0,0.0,0.0,42.0,5.0,3.0
50.0,0.0,19.0,3.0,89.0,29.0,0.0,0.0,3.0,3.9,1.0,4.0,1.0,1.0,48.0,3.0,0.0
45.0,0.0,13.0,0.0,45.0,9.0,2.0,10.0,2.0,3.3,0.0,0.0,0.0,0.0,39.0,3.0,0.0
36.0,0.0,0.0,0.0,82.0,8.0,2.0,1.0,3.0,4.4,0.0,2.0,0.0,0.0,4.0,2.0,1.0
58.0,1.0,17.0,0.0,41.0,42.0,2.0,4.0,3.0,3.8,1.0,5.0,1.0,1.0,10.0,5.0,6.0
37.0,1.0,19.0,3.0,48.0,38.0,2.0,23.0,0.0,3.2,1.0,2.0,1.0,1.0,9.0,3.0,1.0
61.0,0.0,0.0,0.0,94.0,42.0,2.0,3.0,1.0,3.0,0.0,5.0,0.0,0.0,48.0,1.0,3.0
40.0,0.0,13.0,0.0,29.0,20.0,2.0,6.0,2.0,2.9,1.0,3.0,1.0,1.0,8.0,1.0,6.0
40.0,0.0,21.0,3.0,40.0,47.0,0.0,18.0,1.0,4.8,0.0,4.0,0.0,0.0,44.0,1.0,0.0
27.0,1.0,13.0,0.0,85.0,32.0,2.0,22.0,1.0,3.2,1.0,5.0,1.0,1.0,13.0,1.0,3.0
29.0,0.0,11.0,0.0,24.0,16.0,1.0,15.0,0.0,3.9,0.0,2.0,0.0,0.0,35.0,2.0,1.0
64.0,0.0,13.0,0.0,30.0,0.0,2.0,17.0,1.0,3.6,0.0,0.0,0.0,0.0,31.0,1.0,0.0
57.0,0.0,10.0,0.0,26.0,12.0,3.0,10.0,3.0,3.3,0.0,2.0,0.0,0.0,40.0,4.0,5.0
45.0,0.0,12.0,3.0,33.0,2.0,2.0,21.0,1.0,3.0,1.0,2.0,1.0,1.0,32.0,0.0,3.0
49.0,0.0,17.0,0.0,62.0,28.0,2.0,1.0,3.0,3.1,1.0,4.0,1.0,1.0,6.0,5.0,3.0
20.0,0.0,13.0,0.0,41.0,5.0,2.0,2.0,1.0,4.8,0.0,1.0,0.0,0.0,34.0,3.0,2.0
49.0,1.0,21.0,3.0,59.0,22.0,2.0,17.0,2.0,2.8,1.0,3.0,1.0,1.0,30.0,1.0,0.0
40.0,0.0,6.0,0.0,47.0,32.0,0.0,24.0,2.0,3.5,0.0,0.0,0.0,0.0,39.0,0.0,6.0
56.0,0.0,2.0,0.0,89.0,48.0,2.0,21.0,3.0,4.0,1.0,3.0,0.0,0.0,24.0,0.0,2.0
25.0,0.0,19.0,3.0,47.0,41.0,2.0,4.0,0.0,3.1,1.0,4.0,0.0,0.0,27.0,3.0,6.0
57.0,1.0,12.0,3.0,76.0,1.0,0.0,12.0,0.0,2.6,1.0,5.0,1.0,1.0,28.0,4.0,4.0
45.0,0.0,14.0,2.0,34.0,33.0,2.0,18.0,1.0,4.6,1.0,4.0,1.0,1.0,22.0,0.0,5.0
51.0,0.0,3.0,1.0,80.0,23.0,3.0,3.0,1.0,4.3,1.0,0.0,1.0,1.0,18.0,0.0,6.0
49.0,0.0,11.0,0.0,38.0,0.0,2.0,22.0,3.0,4.4,1.0,5.0,1.0,1.0,27.0,2.0,2.0
65.0,0.0,24.0,3.0,35.0,36.0,2.0,5.0,1.0,4.5,1.0,1.0,1.0,1.0,38.0,0.0,4.0
58.0,0.0,7.0,2.0,38.0,47.0,2.0,17.0,1.0,2.9,1.0,3.0,0.0,0.0,24.0,5.0,5.0
27.0,1.0,8.0,3.0,45.0,29.0,3.0,19.0,2.0,4.4,1.0,3.0,1.0,1.0,31.0,2.0,1.0
50.0,1.0,4.0,1.0,56.0,16.0,2.0,14.0,0.0,3.5,1.0,3.0,1.0,1.0,14.0,1.0,6.0
50.0,1.0,15.0,0.0,58.0,34.0,1.0,10.0,1.0,4.3,1.0,2.0,1.0,1.0,7.0,0.0,0.0
67.0,0.0,0.0,0.0,85.0,14.0,0.0,13.0,2.0,3.4,1.0,0.0,1.0,1.0,22.0,2.0,2.0
61.0,0.0,0.0,0.0,89.0,42.0,2.0,18.0,3.0,2.8,0.0,0.0,0.0,0.0,32.0,0.0,2.0
56.0,1.0,5.0,0.0,80.0,33.0,2.0,0.0,3.0,4.4,1.0,3.0,1.0,1.0,50.0,2.0,4.0
69.0,0.0,11.0,0.0,36.0,27.0,0.0,2.0,1.0,3.2,1.0,5.0,0.0,0.0,4.0,5.0,4.0
27.0,1.0,2.0,0.0,31.0,28.0,2.0,7.0,2.0,4.0,1.0,3.0,1.0,1.0,10.0,5.0,0.0
35.0,1.0,23.0,1.0,66.0,0.0,0.0,0.0,1.0,4.4,1.0,5.0,1.0,1.0,47.0,4.0,1.0
67.0,0.0,12.0,3.0,67.0,37.0,2.0,23.0,0.0,3.5,1.0,5.0,1.0,1.0,20.0,5.0,3.0
46.0,0.0,1.0,0.0,78.0,14.0,2.0,12.0,1.0,3.7,1.0,0.0,1.0,1.0,6.0,3.0,1.0
63.0,0.0,9.0,1.0,48.0,32.0,2.0,9.0,2.0,2.9,1.0,5.0,0.0,0.0,29.0,0.0,6.0
47.0,1.0,9.0,1.0,26.0,20.0,2.0,5.0,1.0,4.1,1.0,1.0,1.0,1.0,47.0,2.0,4.0
38.0,0.0,13.0,0.0,41.0,12.0,2.0,11.0,0.0,3.5,0.0,2.0,0.0,0.0,2.0,4.0,1.0
24.0,0.0,10.0,0.0,67.0,38.0,3.0,8.0,2.0,4.2,0.0,4.0,0.0,0.0,49.0,3.0,4.0
57.0,0.0,3.0,1.0,60.0,17.0,0.0,6.0,1.0,4.5,0.0,2.0,0.0,0.0,17.0,5.0,1.0
41.0,0.0,1.0,0.0,23.0,38.0,2.0,19.0,0.0,4.8,1.0,2.0,1.0,1.0,26.0,1.0,3.0
26.0,0.0,9.0,1.0,87.0,36.0,2.0,1.0,1.0,4.1,0.0,3.0,0.0,0.0,3.0,1.0,5.0
56.0,0.0,2.0,0.0,56.0,20.0,0.0,4.0,2.0,2.7,0.0,3.0,0.0,0.0,46.0,3.0,3.0
33.0,1.0,1.0,0.0,97.0,49.0,2.0,22.0,2.0,4.2,1.0,0.0,1.0,1.0,26.0,1.0,3.0
59.0,1.0,22.0,3.0,97.0,22.0,2.0,21.0,0.0,3.3,1.0,5.0,1.0,1.0,18.0,2.0,2.0
70.0,0.0,19.0,3.0,21.0,27.0,1.0,11.0,0.0,4.8,0.0,0.0,0.0,0.0,16.0,4.0,6.0
40.0,1.0,15.0,0.0,28.0,41.0,0.0,2.0,2.0,4.2,1.0,4.0,1.0,1.0,32.0,0.0,1.0
67.0,0.0,16.0,3.0,81.0,25.0,1.0,0.0,2.0,4.2,1.0,2.0,1.0,1.0,49.0,2.0,1.0
22.0,1.0,0.0,0.0,47.0,22.0,1.0,12.0,1.0,3.7,1.0,4.0,1.0,1.0,41.0,5.0,2.0
57.0,0.0,16.0,3.0,31.0,17.0,0.0,13.0,0.0,4.7,0.0,3.0,0.0,0.0,16.0,2.0,5.0
30.0,0.0,19.0,3.0,68.0,27.0,2.0,15.0,3.0,4.1,1.0,3.0,0.0,0.0,38.0,1.0,0.0
38.0,0.0,14.0,2.0,50.0,22.0,2.0,24.0,0.0,2.8,0.0,1.0,0.0,0.0,26.0,0.0,1.0
68.0,1.0,15.0,0.0,37.0,31.0,0.0,14.0,3.0,3.8,1.0,0.0,1.0,1.0,21.0,3.0,2.0
38.0,1.0,18.0,3.0,39.0,12.0,1.0,11.0,1.0,3.5,1.0,4.0,1.0,1.0,24.0,2.0,6.0
19.0,1.0,16.0,3.0,94.0,48.0,1.0,11.0,1.0,4.9,1.0,1.0,1.0,1.0,16.0,3.0,5.0
23.0,1.0,4.0,1.0,33.0,32.0,3.0,15.0,2.0,4.6,1.0,0.0,1.0,1.0,29.0,2.0,2.0
29.0,1.0,7.0,2.0,86.0,33.0,1.0,5.0,2.0,4.3,1.0,5.0,1.0,1.0,45.0,2.0,0.0
34.0,0.0,16.0,3.0,28.0,12.0,1.0,23.0,1.0,4.3,1.0,1.0,1.0,1.0,24.0,2.0,5.0
30.0,0.0,14.0,2.0,63.0,49.0,2.0,0.0,3.0,4.8,1.0,1.0,1.0,1.0,42.0,3.0,3.0
54.0,0.0,17.0,0.0,90.0,35.0,2.0,16.0,2.0,4.4,1.0,5.0,1.0,1.0,1.0,4.0,2.0
51.0,0.0,3.0,1.0,60.0,49.0,1.0,13.0,3.0,3.5,1.0,1.0,0.0,0.0,12.0,0.0,6.0
27.0,0.0,16.0,3.0,20.0,26.0,1.0,22.0,0.0,3.7,0.0,5.0,0.0,0.0,31.0,3.0,3.0
45.0,1.0,10.0,0.0,82.0,33.0,2.0,5.0,2.0,4.8,1.0,2.0,1.0,1.0,11.0,2.0,2.0
38.0,0.0,23.0,1.0,68.0,27.0,2.0,21.0,0.0,4.5,0.0,0.0,0.0,0.0,42.0,5.0,1.0
41.0,0.0,13.0,0.0,55.0,35.0,2.0,15.0,1.0,4.9,0.0,4.0,0.0,0.0,50.0,2.0,2.0
38.0,0.0,18.0,3.0,82.0,9.0,2.0,24.0,3.0,4.9,1.0,0.0,1.0,1.0,16.0,3.0,3.0
52.0,0.0,9.0,1.0,53.0,31.0,2.0,14.0,3.0,3.7,0.0,4.0,0.0,0.0,44.0,5.0,0.0
43.0,0.0,18.0,3.0,33.0,18.0,2.0,13.0,0.0,4.7,0.0,5.0,0.0,0.0,19.0,1.0,5.0
59.0,0.0,13.0,0.0,63.0,17.0,2.0,9.0,2.0,3.3,1.0,3.0,1.0,1.0,37.0,4.0,1.0
32.0,0.0,2.0,0.0,20.0,12.0,1.0,17.0,0.0,3.4,1.0,0.0,1.0,1.0,30.0,0.0,1.0
46.0,0.0,3.0,1.0,100.0,28.0,3.0,17.0,2.0,4.4,1.0,1.0,1.0,1.0,49.0,2.0,1.0
24.0,0.0,1.0,0.0,23.0,34.0,2.0,17.0,0.0,4.6,1.0,3.0,1.0,1.0,24.0,3.0,5.0
46.0,0.0,13.0,0.0,79.0,41.0,2.0,9.0,0.0,3.9,1.0,1.0,1.0,1.0,26.0,4.0,1.0
66.0,0.0,18.0,3.0,88.0,40.0,0.0,8.0,3.0,4.1,0.0,3.0,0.0,0.0,43.0,2.0,2.0
51.0,1.0,0.0,0.0,83.0,13.0,2.0,23.0,2.0,3.2,1.0,4.0,1.0,1.0,3.0,1.0,4.0
63.0,0.0,20.0,0.0,77.0,1.0,1.0,8.0,1.0,4.3,0.0,1.0,0.0,0.0,21.0,4.0,3.0
28.0,0.0,3.0,1.0,37.0,35.0,0.0,11.0,2.0,3.8,0.0,0.0,0.0,0.0,27.0,2.0,2.0
39.0,0.0,13.0,0.0,32.0,19.0,2.0,1.0,0.0,2.8,1.0,1.0,1.0,1.0,30.0,1.0,6.0
52.0,1.0,23.0,1.0,99.0,30.0,2.0,6.0,0.0,3.7,1.0,3.0,1.0,1.0,40.0,3.0,0.0
35.0,0.0,15.0,0.0,38.0,42.0,2.0,9.0,0.0,2.9,1.0,4.0,1.0,1.0,9.0,2.0,6.0
27.0,0.0,15.0,0.0,68.0,17.0,1.0,17.0,0.0,4.3,1.0,5.0,0.0,0.0,26.0,4.0,0.0
38.0,0.0,20.0,0.0,91.0,33.0,2.0,12.0,1.0,3.2,1.0,3.0,0.0,0.0,8.0,3.0,4.0
43.0,0.0,15.0,0.0,59.0,36.0,0.0,18.0,0.0,3.1,1.0,5.0,0.0,0.0,38.0,2.0,6.0
59.0,1.0,0.0,0.0,51.0,19.0,0.0,9.0,0.0,2.6,1.0,5.0,1.0,1.0,23.0,2.0,4.0
69.0,0.0,8.0,3.0,53.0,47.0,0.0,11.0,0.0,3.5,1.0,4.0,1.0,1.0,42.0,1.0,2.0
22.0,1.0,7.0,2.0,100.0,11.0,0.0,16.0,3.0,3.1,1.0,5.0,1.0,1.0,42.0,2.0,0.0
28.0,0.0,19.0,3.0,68.0,17.0,3.0,23.0,2.0,4.4,0.0,5.0,0.0,0.0,6.0,4.0,3.0
44.0,0.0,3.0,1.0,85.0,32.0,2.0,5.0,2.0,4.6,1.0,3.0,0.0,0.0,32.0,0.0,2.0
58.0,0.0,16.0,3.0,57.0,43.0,2.0,21.0,1.0,3.5,1.0,5.0,1.0,1.0,36.0,0.0,4.0
42.0,0.0,16.0,3.0,98.0,31.0,0.0,0.0,2.0,4.2,1.0,5.0,1.0,1.0,50.0,0.0,4.0
48.0,0.0,3.0,1.0,30.0,49.0,1.0,20.0,2.0,4.9,1.0,1.0,0.0,0.0,3.0,2.0,0.0
55.0,1.0,15.0,0.0,57.0,41.0,2.0,23.0,2.0,3.6,1.0,5.0,1.0,1.0,34.0,0.0,3.0
62.0,0.0,24.0,3.0,91.0,3.0,2.0,5.0,2.0,2.9,0.0,0.0,0.0,0.0,17.0,4.0,4.0
57.0,0.0,24.0,3.0,66.0,18.0,2.0,2.0,2.0,5.0,1.0,1.0,1.0,1.0,35.0,0.0,2.0
55.0,0.0,0.0,0.0,66.0,5.0,2.0,14.0,2.0,3.4,1.0,1.0,0.0,0.0,26.0,0.0,0.0
64.0,0.0,12.0,3.0,86.0,10.0,2.0,22.0,1.0,2.6,0.0,4.0,0.0,0.0,9.0,1.0,2.0
69.0,0.0,7.0,2.0,33.0,25.0,1.0,5.0,1.0,4.2,0.0,0.0,0.0,0.0,32.0,5.0,3.0
50.0,0.0,23.0,1.0,35.0,41.0,2.0,17.0,3.0,3.8,0.0,2.0,0.0,0.0,37.0,1.0,6.0
34.0,0.0,13.0,0.0,66.0,20.0,2.0,10.0,1.0,2.6,1.0,5.0,0.0,0.0,10.0,3.0,0.0
66.0,0.0,22.0,3.0,93.0,45.0,3.0,4.0,0.0,4.1,1.0,3.0,0.0,0.0,34.0,3.0,4.0
65.0,0.0,18.0,3.0,75.0,0.0,2.0,12.0,3.0,3.2,1.0,4.0,1.0,1.0,45.0,2.0,3.0
25.0,0.0,19.0,3.0,48.0,36.0,0.0,10.0,2.0,2.9,0.0,0.0,0.0,0.0,29.0,2.0,5.0
43.0,0.0,17.0,0.0,91.0,19.0,0.0,20.0,3.0,4.8,0.0,3.0,0.0,0.0,21.0,1.0,3.0
41.0,0.0,2.0,0.0,89.0,10.0,2.0,22.0,2.0,2.9,1.0,1.0,1.0,1.0,28.0,0.0,6.0
49.0,0.0,14.0,2.0,96.0,11.0,2.0,17.0,3.0,4.3,1.0,5.0,1.0,1.0,39.0,3.0,6.0
28.0,0.0,24.0,3.0,67.0,48.0,1.0,23.0,1.0,4.1,1.0,4.0,0.0,0.0,43.0,4.0,1.0
23.0,0.0,12.0,3.0,89.0,30.0,1.0,13.0,2.0,4.9,0.0,0.0,0.0,0.0,37.0,5.0,1.0
24.0,0.0,17.0,0.0,94.0,9.0,2.0,15.0,3.0,3.5,0.0,0.0,0.0,0.0,18.0,4.0,1.0
43.0,1.0,12.0,3.0,74.0,13.0,0.0,16.0,3.0,3.9,1.0,2.0,1.0,1.0,29.0,5.0,5.0
28.0,0.0,24.0,3.0,23.0,47.0,2.0,24.0,2.0,4.2,1.0,1.0,0.0,0.0,13.0,0.0,4.0
57.0,0.0,24.0,3.0,48.0,22.0,2.0,17.0,0.0,3.6,0.0,2.0,0.0,0.0,13.0,3.0,5.0
24.0,0.0,24.0,3.0,93.0,6.0,3.0,14.0,0.0,3.0,1.0,0.0,1.0,1.0,9.0,3.0,4.0
70.0,1.0,11.0,0.0,27.0,25.0,2.0,3.0,2.0,3.2,1.0,3.0,1.0,1.0,15.0,4.0,6.0
48.0,0.0,9.0,1.0,44.0,30.0,1.0,24.0,1.0,2.6,0.0,2.0,0.0,0.0,36.0,5.0,0.0
37.0,0.0,14.0,2.0,57.0,33.0,0.0,9.0,1.0,3.6,1.0,1.0,1.0,1.0,41.0,2.0,6.0
69.0,1.0,8.0,3.0,64.0,0.0,2.0,9.0,1.0,4.5,1.0,1.0,1.0,1.0,18.0,1.0,4.0
35.0,0.0,3.0,1.0,80.0,48.0,2.0,20.0,0.0,4.4,1.0,0.0,0.0,0.0,16.0,4.0,5.0
53.0,0.0,3.0,1.0,20.0,33.0,1.0,24.0,2.0,2.7,0.0,0.0,0.0,0.0,41.0,3.0,5.0
28.0,1.0,8.0,3.0,39.0,8.0,2.0,3.0,1.0,4.3,1.0,4.0,1.0,1.0,15.0,2.0,1.0
54.0,0.0,10.0,0.0,94.0,2.0,2.0,7.0,0.0,3.6,0.0,3.0,0.0,0.0,36.0,3.0,1.0
57.0,0.0,6.0,0.0,53.0,1.0,2.0,11.0,1.0,2.8,1.0,0.0,1.0,1.0,29.0,3.0,3.0
47.0,0.0,14.0,2.0,83.0,18.0,3.0,6.0,3.0,3.6,0.0,2.0,0.0,0.0,15.0,1.0,3.0
23.0,0.0,15.0,0.0,73.0,19.0,2.0,3.0,3.0,3.9,0.0,5.0,0.0,0.0,12.0,5.0,1.0
22.0,1.0,1.0,0.0,56.0,15.0,0.0,20.0,1.0,2.6,1.0,5.0,1.0,1.0,9.0,3.0,1.0
24.0,0.0,22.0,3.0,91.0,34.0,1.0,16.0,0.0,3.4,1.0,4.0,1.0,1.0,44.0,5.0,3.0
49.0,0.0,11.0,0.0,92.0,15.0,2.0,20.0,3.0,3.2,0.0,5.0,0.0,0.0,23.0,2.0,0.0
50.0,1.0,22.0,3.0,24.0,15.0,2.0,15.0,1.0,4.9,1.0,2.0,1.0,1.0,5.0,5.0,5.0
41.0,0.0,18.0,3.0,35.0,41.0,0.0,22.0,0.0,3.2,1.0,2.0,1.0,1.0,9.0,2.0,5.0
70.0,1.0,24.0,3.0,93.0,32.0,0.0,11.0,3.0,4.4,1.0,4.0,1.0,1.0,9.0,4.0,5.0
29.0,0.0,8.0,3.0,33.0,46.0,2.0,23.0,3.0,4.4,1.0,3.0,1.0,1.0,18.0,3.0,6.0
47.0,0.0,23.0,1.0,60.0,45.0,2.0,10.0,3.0,3.0,0.0,3.0,0.0,0.0,9.0,5.0,3.0
41.0,0.0,12.0,3.0,56.0,46.0,0.0,19.0,2.0,3.2,0.0,0.0,0.0,0.0,46.0,3.0,6.0
51.0,0.0,20.0,0.0,71.0,2.0,1.0,11.0,0.0,3.4,1.0,1.0,1.0,1.0,21.0,5.0,5.0
39.0,0.0,19.0,3.0,56.0,5.0,2.0,23.0,3.0,4.1,1.0,2.0,0.0,0.0,18.0,2.0,5.0
41.0,0.0,2.0,0.0,54.0,36.0,1.0,21.0,3.0,4.4,1.0,4.0,0.0,0.0,25.0,4.0,0.0
43.0,0.0,3.0,1.0,81.0,23.0,2.0,7.0,3.0,4.1,0.0,0.0,0.0,0.0,12.0,3.0,3.0
36.0,0.0,4.0,1.0,27.0,35.0,3.0,8.0,1.0,4.0,1.0,5.0,1.0,1.0,12.0,3.0,0.0
28.0,0.0,17.0,0.0,45.0,18.0,1.0,23.0,1.0,2.9,0.0,5.0,0.0,0.0,8.0,2.0,3.0
65.0,0.0,11.0,0.0,21.0,39.0,0.0,17.0,0.0,3.7,1.0,4.0,1.0,1.0,6.0,0.0,1.0
56.0,0.0,0.0,0.0,78.0,48.0,2.0,24.0,2.0,4.8,1.0,2.0,1.0,1.0,27.0,0.0,5.0
46.0,0.0,1.0,0.0,68.0,25.0,3.0,16.0,3.0,2.7,1.0,0.0,1.0,1.0,27.0,3.0,1.0
22.0,0.0,18.0,3.0,65.0,35.0,2.0,15.0,3.0,3.6,0.0,5.0,0.0,0.0,45.0,0.0,2.0
60.0,0.0,21.0,3.0,21.0,2.0,0.0,5.0,2.0,2.9,0.0,3.0,0.0,0.0,37.0,3.0,4.0
64.0,1.0,16.0,3.0,87.0,33.0,2.0,0.0,2.0,3.0,1.0,0.0,1.0,1.0,29.0,1.0,0.0
69.0,1.0,16.0,3.0,70.0,45.0,1.0,0.0,3.0,4.7,1.0,3.0,1.0,1.0,2.0,1.0,2.0
63.0,0.0,23.0,1.0,71.0,30.0,2.0,18.0,0.0,3.9,1.0,2.0,1.0,1.0,6.0,2.0,3.0
19.0,0.0,18.0,3.0,22.0,43.0,3.0,6.0,1.0,2.5,1.0,5.0,0.0,0.0,25.0,0.0,6.0
38.0,0.0,3.0,1.0,63.0,35.0,2.0,4.0,3.0,2.8,0.0,5.0,0.0,0.0,37.0,0.0,6.0
26.0,1.0,11.0,0.0,63.0,20.0,0.0,1.0,0.0,4.1,1.0,1.0,1.0,1.0,6.0,5.0,3.0
19.0,1.0,10.0,0.0,33.0,31.0,3.0,23.0,0.0,3.0,1.0,4.0,1.0,1.0,31.0,1.0,1.0
45.0,0.0,3.0,1.0,69.0,6.0,1.0,17.0,3.0,4.2,0.0,4.0,0.0,0.0,21.0,1.0,4.0
28.0,1.0,5.0,0.0,70.0,38.0,2.0,23.0,1.0,4.2,1.0,4.0,1.0,1.0,12.0,1.0,3.0
65.0,1.0,14.0,2.0,48.0,44.0,2.0,21.0,0.0,3.5,1.0,4.0,1.0,1.0,31.0,2.0,5.0
69.0,1.0,5.0,0.0,91.0,26.0,2.0,11.0,3.0,4.2,1.0,1.0,1.0,1.0,24.0,0.0,5.0
65.0,0.0,8.0,3.0,44.0,15.0,0.0,18.0,2.0,3.1,1.0,5.0,1.0,1.0,44.0,4.0,0.0
59.0,1.0,0.0,0.0,66.0,41.0,2.0,8.0,0.0,4.0,1.0,2.0,1.0,1.0,22.0,3.0,2.0
55.0,0.0,10.0,0.0,75.0,16.0,0.0,12.0,2.0,3.4,0.0,1.0,0.0,0.0,4.0,3.0,5.0
58.0,0.0,12.0,3.0,93.0,37.0,0.0,15.0,3.0,4.2,1.0,1.0,0.0,0.0,48.0,3.0,2.0
40.0,1.0,17.0,0.0,47.0,8.0,0.0,6.0,1.0,3.5,1.0,5.0,1.0,1.0,41.0,1.0,2.0
56.0,0.0,10.0,0.0,65.0,26.0,0.0,4.0,3.0,3.2,1.0,3.0,0.0,0.0,22.0,0.0,4.0
34.0,1.0,23.0,1.0,56.0,36.0,1.0,3.0,2.0,4.0,1.0,1.0,1.0,1.0,38.0,3.0,4.0
28.0,1.0,13.0,0.0,50.0,1.0,1.0,4.0,0.0,4.0,1.0,0.0,1.0,1.0,39.0,1.0,4.0
46.0,1.0,10.0,0.0,46.0,15.0,1.0,7.0,1.0,2.6,1.0,5.0,1.0,1.0,20.0,1.0,3.0
33.0,1.0,22.0,3.0,92.0,49.0,0.0,24.0,0.0,3.3,1.0,1.0,1.0,1.0,11.0,3.0,4.0
35.0,0.0,3.0,1.0,86.0,2.0,2.0,16.0,2.0,2.9,0.0,0.0,0.0,0.0,19.0,5.0,5.0
66.0,1.0,22.0,3.0,35.0,9.0,1.0,22.0,0.0,2.6,1.0,3.0,1.0,1.0,13.0,4.0,1.0
54.0,0.0,0.0,0.0,70.0,16.0,3.0,4.0,2.0,3.7,0.0,0.0,0.0,0.0,23.0,2.0,0.0
47.0,1.0,7.0,2.0,80.0,18.0,1.0,4.0,2.0,4.7,1.0,5.0,1.0,1.0,1.0,0.0,5.0
52.0,0.0,1.0,0.0,65.0,6.0,2.0,10.0,0.0,2.5,0.0,2.0,0.0,0.0,25.0,0.0,2.0
41.0,0.0,12.0,3.0,42.0,41.0,3.0,16.0,3.0,3.2,1.0,1.0,1.0,1.0,22.0,1.0,1.0
21.0,0.0,9.0,1.0,92.0,41.0,2.0,11.0,0.0,4.8,0.0,5.0,0.0,0.0,37.0,1.0,2.0
69.0,0.0,15.0,0.0,55.0,17.0,2.0,1.0,0.0,3.2,0.0,3.0,0.0,0.0,22.0,5.0,2.0
68.0,1.0,5.0,0.0,65.0,6.0,1.0,0.0,1.0,3.9,1.0,3.0,1.0,1.0,36.0,0.0,4.0
42.0,1.0,20.0,0.0,37.0,20.0,0.0,13.0,0.0,4.6,1.0,4.0,1.0,1.0,4.0,3.0,4.0
39.0,1.0,14.0,2.0,43.0,21.0,2.0,21.0,3.0,2.9,1.0,4.0,1.0,1.0,17.0,2.0,1.0
18.0,0.0,10.0,0.0,43.0,38.0,1.0,15.0,2.0,2.7,1.0,4.0,0.0,0.0,22.0,3.0,3.0
45.0,0.0,2.0,0.0,66.0,18.0,1.0,1.0,0.0,4.4,0.0,1.0,0.0,0.0,4.0,1.0,5.0
45.0,0.0,18.0,3.0,89.0,40.0,2.0,18.0,0.0,3.8,1.0,1.0,1.0,1.0,31.0,1.0,1.0
64.0,0.0,9.0,1.0,61.0,39.0,0.0,24.0,2.0,3.5,1.0,2.0,1.0,1.0,4.0,1.0,2.0
42.0,0.0,21.0,3.0,49.0,24.0,1.0,8.0,1.0,2.9,1.0,5.0,1.0,1.0,1.0,1.0,2.0
22.0,0.0,13.0,0.0,69.0,49.0,1.0,21.0,3.0,4.0,1.0,2.0,1.0,1.0,47.0,1.0,6.0
47.0,0.0,1.0,0.0,45.0,6.0,3.0,2.0,0.0,3.5,0.0,1.0,0.0,0.0,29.0,4.0,0.0
43.0,1.0,7.0,2.0,83.0,5.0,0.0,17.0,0.0,3.5,1.0,0.0,1.0,1.0,12.0,1.0,6.0
61.0,0.0,7.0,2.0,72.0,12.0,2.0,9.0,0.0,4.5,0.0,0.0,0.0,0.0,37.0,0.0,0.0
27.0,0.0,22.0,3.0,42.0,33.0,2.0,5.0,1.0,3.5,0.0,2.0,0.0,0.0,47.0,2.0,3.0
33.0,1.0,12.0,3.0,72.0,21.0,3.0,18.0,1.0,4.9,1.0,1.0,1.0,1.0,3.0,5.0,4.0
52.0,1.0,9.0,1.0,50.0,33.0,2.0,6.0,0.0,3.7,1.0,5.0,1.0,1.0,35.0,0.0,1.0
48.0,0.0,12.0,3.0,23.0,40.0,3.0,3.0,2.0,4.6,1.0,3.0,1.0,1.0,45.0,3.0,6.0
62.0,0.0,15.0,0.0,39.0,34.0,2.0,14.0,1.0,3.9,0.0,3.0,0.0,0.0,31.0,2.0,4.0
18.0,1.0,5.0,0.0,57.0,26.0,0.0,8.0,0.0,3.7,1.0,4.0,1.0,1.0,12.0,1.0,0.0
62.0,0.0,18.0,3.0,41.0,32.0,2.0,3.0,3.0,3.2,0.0,5.0,0.0,0.0,48.0,4.0,1.0
47.0,0.0,18.0,3.0,65.0,8.0,1.0,9.0,3.0,3.7,1.0,0.0,1.0,1.0,15.0,5.0,4.0
63.0,1.0,24.0,3.0,99.0,41.0,0.0,11.0,0.0,4.0,1.0,0.0,1.0,1.0,35.0,2.0,0.0
58.0,0.0,20.0,0.0,97.0,7.0,2.0,18.0,0.0,5.0,1.0,4.0,1.0,1.0,38.0,3.0,6.0
41.0,0.0,6.0,0.0,76.0,5.0,2.0,1.0,3.0,4.2,0.0,0.0,0.0,0.0,5.0,2.0,2.0
41.0,0.0,18.0,3.0,31.0,19.0,2.0,18.0,3.0,3.8,1.0,0.0,1.0,1.0,12.0,3.0,1.0
58.0,0.0,9.0,1.0,49.0,25.0,1.0,8.0,2.0,3.0,1.0,4.0,1.0,1.0,34.0,4.0,3.0
57.0,1.0,9.0,1.0,30.0,32.0,2.0,1.0,2.0,2.9,1.0,1.0,1.0,1.0,27.0,3.0,1.0
24.0,0.0,3.0,1.0,49.0,20.0,2.0,11.0,2.0,2.6,1.0,1.0,1.0,1.0,32.0,4.0,2.0
64.0,0.0,18.0,3.0,85.0,40.0,2.0,24.0,2.0,2.7,0.0,1.0,0.0,0.0,21.0,2.0,2.0
20.0,0.0,22.0,3.0,20.0,47.0,2.0,13.0,1.0,4.6,0.0,0.0,0.0,0.0,34.0,1.0,4.0
37.0,0.0,10.0,0.0,98.0,23.0,1.0,8.0,3.0,4.2,1.0,3.0,1.0,1.0,26.0,2.0,6.0
53.0,0.0,5.0,0.0,67.0,49.0,0.0,17.0,3.0,4.2,1.0,4.0,1.0,1.0,40.0,2.0,4.0
34.0,0.0,5.0,0.0,57.0,13.0,0.0,24.0,1.0,2.8,0.0,0.0,0.0,0.0,28.0,1.0,4.0
38.0,0.0,22.0,3.0,25.0,21.0,1.0,14.0,0.0,3.5,1.0,2.0,1.0,1.0,2.0,3.0,6.0
40.0,0.0,6.0,0.0,33.0,38.0,2.0,11.0,1.0,3.8,0.0,4.0,0.0,0.0,21.0,2.0,6.0
22.0,1.0,20.0,0.0,48.0,3.0,3.0,5.0,1.0,3.2,1.0,3.0,1.0,1.0,10.0,3.0,1.0
26.0,0.0,9.0,1.0,94.0,41.0,0.0,9.0,3.0,3.8,1.0,1.0,1.0,1.0,22.0,5.0,5.0
43.0,0.0,15.0,0.0,81.0,20.0,2.0,1.0,0.0,4.2,0.0,3.0,0.0,0.0,32.0,2.0,2.0
44.0,0.0,0.0,0.0,61.0,3.0,2.0,11.0,1.0,4.0,1.0,0.0,0.0,0.0,24.0,1.0,5.0
43.0,0.0,17.0,0.0,34.0,34.0,1.0,19.0,1.0,3.8,1.0,2.0,1.0,1.0,31.0,5.0,5.0
70.0,0.0,20.0,0.0,76.0,27.0,1.0,5.0,2.0,3.9,1.0,4.0,0.0,0.0,2.0,1.0,5.0
40.0,0.0,2.0,0.0,87.0,25.0,1.0,11.0,0.0,3.3,0.0,5.0,0.0,0.0,4.0,2.0,3.0
64.0,1.0,14.0,2.0,53.0,34.0,2.0,17.0,1.0,3.4,1.0,3.0,1.0,1.0,15.0,4.0,2.0
26.0,0.0,2.0,0.0,69.0,45.0,2.0,20.0,2.0,2.8,0.0,2.0,0.0,0.0,22.0,2.0,0.0
61.0,0.0,14.0,2.0,87.0,21.0,2.0,8.0,0.0,4.4,0.0,4.0,0.0,0.0,13.0,0.0,6.0
42.0,0.0,5.0,0.0,55.0,22.0,2.0,20.0,2.0,2.7,0.0,5.0,0.0,0.0,38.0,1.0,5.0
20.0,0.0,8.0,3.0,53.0,8.0,2.0,16.0,2.0,4.5,0.0,0.0,0.0,0.0,5.0,2.0,3.0
22.0,0.0,15.0,0.0,31.0,49.0,2.0,18.0,0.0,4.1,0.0,5.0,0.0,0.0,35.0,2.0,1.0
46.0,0.0,1.0,0.0,51.0,25.0,2.0,19.0,0.0,3.7,0.0,0.0,0.0,0.0,43.0,0.0,4.0
20.0,1.0,13.0,0.0,91.0,38.0,2.0,16.0,2.0,4.1,1.0,1.0,1.0,1.0,8.0,4.0,6.0
25.0,0.0,16.0,3.0,48.0,7.0,0.0,16.0,3.0,3.3,0.0,1.0,0.0,0.0,12.0,5.0,2.0
53.0,0.0,20.0,0.0,25.0,36.0,2.0,21.0,1.0,3.4,1.0,3.0,1.0,1.0,19.0,0.0,2.0
29.0,1.0,2.0,0.0,96.0,41.0,2.0,20.0,2.0,2.5,1.0,3.0,1.0,1.0,42.0,5.0,4.0
19.0,0.0,3.0,1.0,72.0,14.0,3.0,24.0,2.0,3.3,0.0,5.0,0.0,0.0,24.0,2.0,6.0
39.0,1.0,16.0,3.0,89.0,10.0,2.0,10.0,0.0,2.7,1.0,4.0,1.0,1.0,4.0,3.0,1.0
63.0,1.0,15.0,0.0,86.0,7.0,2.0,20.0,3.0,3.3,1.0,3.0,1.0,1.0,17.0,5.0,2.0
18.0,0.0,7.0,2.0,33.0,19.0,1.0,24.0,2.0,4.4,1.0,1.0,0.0,0.0,48.0,4.0,5.0
57.0,0.0,1.0,0.0,89.0,7.0,0.0,18.0,3.0,3.1,0.0,1.0,0.0,0.0,46.0,1.0,1.0
63.0,0.0,5.0,0.0,78.0,7.0,0.0,13.0,1.0,3.0,1.0,2.0,1.0,1.0,35.0,2.0,5.0
25.0,0.0,0.0,0.0,23.0,13.0,1.0,6.0,1.0,3.0,1.0,5.0,0.0,0.0,22.0,5.0,2.0
56.0,1.0,6.0,0.0,68.0,34.0,1.0,13.0,3.0,4.4,1.0,0.0,1.0,1.0,31.0,5.0,0.0
26.0,0.0,14.0,2.0,49.0,25.0,1.0,3.0,2.0,3.6,0.0,0.0,0.0,0.0,4.0,1.0,2.0
49.0,0.0,20.0,0.0,85.0,45.0,2.0,14.0,2.0,3.2,0.0,3.0,0.0,0.0,40.0,3.0,2.0
60.0,0.0,9.0,1.0,99.0,40.0,2.0,14.0,1.0,4.7,0.0,1.0,0.0,0.0,24.0,1.0,3.0
38.0,1.0,5.0,0.0,66.0,5.0,2.0,5.0,0.0,3.3,1.0,5.0,1.0,1.0,40.0,2.0,5.0
34.0,1.0,6.0,0.0,45.0,12.0,2.0,18.0,1.0,2.7,1.0,1.0,1.0,1.0,48.0,1.0,0.0
45.0,0.0,15.0,0.0,76.0,17.0,3.0,11.0,1.0,3.1,0.0,2.0,0.0,0.0,5.0,2.0,4.0
50.0,0.0,9.0,1.0,52.0,19.0,0.0,6.0,1.0,4.0,0.0,5.0,0.0,0.0,39.0,3.0,6.0
66.0,0.0,5.0,0.0,85.0,39.0,1.0,17.0,2.0,4.4,1.0,3.0,1.0,1.0,4.0,1.0,2.0
41.0,0.0,13.0,0.0,71.0,31.0,1.0,23.0,2.0,4.8,1.0,4.0,1.0,1.0,30.0,0.0,0.0
66.0,0.0,21.0,3.0,95.0,10.0,2.0,13.0,2.0,3.0,1.0,5.0,1.0,1.0,18.0,5.0,4.0
44.0,1.0,15.0,0.0,25.0,6.0,2.0,6.0,1.0,4.8,1.0,5.0,1.0,1.0,45.0,2.0,2.0
48.0,0.0,16.0,3.0,33.0,47.0,3.0,19.0,0.0,4.7,0.0,5.0,0.0,0.0,36.0,4.0,2.0
44.0,0.0,15.0,0.0,91.0,16.0,0.0,3.0,0.0,3.0,1.0,1.0,0.0,0.0,15.0,0.0,4.0
19.0,0.0,17.0,0.0,30.0,34.0,0.0,10.0,2.0,3.7,1.0,1.0,1.0,1.0,19.0,1.0,6.0
26.0,0.0,16.0,3.0,53.0,22.0,1.0,1.0,0.0,4.4,1.0,3.0,1.0,1.0,35.0,1.0,5.0
22.0,1.0,16.0,3.0,52.0,9.0,2.0,14.0,2.0,4.3,1.0,3.0,1.0,1.0,14.0,4.0,4.0
36.0,0.0,22.0,3.0,56.0,27.0,0.0,8.0,0.0,5.0,1.0,2.0,0.0,0.0,5.0,4.0,6.0
65.0,0.0,17.0,0.0,38.0,37.0,2.0,10.0,1.0,4.4,1.0,2.0,1.0,1.0,34.0,5.0,2.0
50.0,0.0,3.0,1.0,51.0,34.0,0.0,7.0,3.0,3.4,0.0,2.0,0.0,0.0,42.0,1.0,1.0
22.0,1.0,14.0,2.0,81.0,46.0,2.0,1.0,1.0,3.3,1.0,4.0,1.0,1.0,47.0,1.0,6.0
52.0,1.0,18.0,3.0,31.0,38.0,0.0,23.0,2.0,3.8,1.0,3.0,1.0,1.0,23.0,2.0,2.0
22.0,1.0,19.0,3.0,27.0,38.0,2.0,21.0,2.0,3.0,1.0,4.0,1.0,1.0,33.0,4.0,6.0
65.0,0.0,20.0,0.0,97.0,14.0,2.0,22.0,3.0,4.9,1.0,4.0,1.0,1.0,37.0,2.0,4.0
56.0,0.0,3.0,1.0,95.0,49.0,2.0,2.0,3.0,3.4,0.0,0.0,0.0,0.0,37.0,0.0,0.0
42.0,0.0,20.0,0.0,78.0,28.0,3.0,13.0,3.0,4.0,0.0,4.0,0.0,0.0,43.0,2.0,2.0
29.0,0.0,12.0,3.0,64.0,49.0,0.0,14.0,1.0,4.4,0.0,3.0,0.0,0.0,26.0,5.0,0.0
35.0,0.0,2.0,0.0,45.0,27.0,1.0,17.0,2.0,2.8,0.0,5.0,0.0,0.0,10.0,3.0,1.0
62.0,1.0,3.0,1.0,57.0,15.0,2.0,22.0,0.0,4.7,1.0,2.0,1.0,1.0,20.0,3.0,2.0
59.0,1.0,6.0,0.0,51.0,14.0,3.0,13.0,2.0,3.1,1.0,1.0,1.0,1.0,10.0,4.0,0.0
65.0,1.0,3.0,1.0,39.0,16.0,2.0,24.0,1.0,4.6,1.0,3.0,1.0,1.0,33.0,3.0,1.0
55.0,0.0,22.0,3.0,80.0,33.0,2.0,1.0,1.0,4.9,0.0,2.0,0.0,0.0,47.0,2.0,1.0
62.0,0.0,14.0,2.0,50.0,37.0,2.0,2.0,2.0,3.4,0.0,1.0,0.0,0.0,31.0,1.0,5.0
44.0,1.0,22.0,3.0,32.0,35.0,0.0,22.0,2.0,4.7,1.0,1.0,1.0,1.0,18.0,4.0,1.0
29.0,1.0,5.0,0.0,44.0,41.0,2.0,20.0,1.0,3.4,1.0,3.0,1.0,1.0,37.0,2.0,5.0
39.0,1.0,9.0,1.0,86.0,35.0,2.0,9.0,0.0,4.9,1.0,1.0,1.0,1.0,19.0,3.0,1.0
59.0,0.0,23.0,1.0,94.0,43.0,2.0,3.0,3.0,4.5,0.0,4.0,0.0,0.0,26.0,5.0,0.0
38.0,0.0,19.0,3.0,54.0,13.0,2.0,5.0,1.0,2.7,0.0,4.0,0.0,0.0,33.0,3.0,1.0
65.0,0.0,5.0,0.0,59.0,27.0,3.0,16.0,1.0,2.9,1.0,5.0,0.0,0.0,33.0,2.0,5.0
25.0,0.0,3.0,1.0,21.0,39.0,0.0,20.0,1.0,4.3,1.0,4.0,1.0,1.0,39.0,5.0,5.0
39.0,1.0,24.0,3.0,41.0,14.0,3.0,0.0,0.0,4.1,1.0,3.0,1.0,1.0,4.0,0.0,4.0
37.0,0.0,3.0,1.0,39.0,25.0,0.0,0.0,2.0,4.1,0.0,1.0,0.0,0.0,7.0,4.0,6.0
57.0,1.0,1.0,0.0,79.0,43.0,2.0,5.0,1.0,3.0,1.0,5.0,1.0,1.0,36.0,5.0,2.0
62.0,0.0,5.0,0.0,45.0,36.0,2.0,20.0,0.0,4.3,1.0,2.0,0.0,0.0,31.0,2.0,1.0
46.0,1.0,9.0,1.0,41.0,43.0,2.0,2.0,2.0,4.4,1.0,0.0,1.0,1.0,10.0,1.0,6.0
65.0,1.0,1.0,0.0,81.0,10.0,2.0,13.0,3.0,4.7,1.0,0.0,1.0,1.0,42.0,2.0,2.0
20.0,0.0,2.0,0.0,67.0,14.0,3.0,11.0,1.0,2.6,0.0,2.0,0.0,0.0,20.0,4.0,2.0
64.0,0.0,8.0,3.0,65.0,43.0,2.0,20.0,0.0,4.9,0.0,2.0,0.0,0.0,45.0,0.0,6.0
67.0,0.0,16.0,3.0,41.0,0.0,2.0,12.0,2.0,3.9,1.0,3.0,0.0,0.0,30.0,3.0,4.0
39.0,0.0,3.0,1.0,89.0,18.0,0.0,20.0,1.0,4.0,1.0,3.0,1.0,1.0,49.0,5.0,2.0
33.0,0.0,20.0,0.0,100.0,13.0,2.0,15.0,0.0,2.7,1.0,5.0,0.0,0.0,39.0,2.0,5.0
25.0,0.0,6.0,0.0,100.0,49.0,2.0,4.0,2.0,2.6,1.0,4.0,0.0,0.0,43.0,0.0,2.0
53.0,1.0,11.0,0.0,78.0,47.0,2.0,22.0,1.0,3.1,1.0,1.0,1.0,1.0,6.0,5.0,2.0
25.0,1.0,21.0,3.0,65.0,36.0,3.0,22.0,0.0,3.4,1.0,3.0,1.0,1.0,6.0,0.0,1.0
34.0,1.0,1.0,0.0,35.0,43.0,2.0,1.0,1.0,2.8,1.0,0.0,1.0,1.0,2.0,4.0,1.0
56.0,0.0,3.0,1.0,38.0,1.0,3.0,2.0,0.0,5.0,1.0,1.0,1.0,1.0,29.0,3.0,5.0
31.0,0.0,21.0,3.0,78.0,18.0,0.0,17.0,3.0,3.0,0.0,0.0,0.0,0.0,26.0,3.0,5.0
34.0,0.0,16.0,3.0,36.0,7.0,2.0,21.0,1.0,3.1,1.0,3.0,0.0,0.0,36.0,2.0,1.0
22.0,0.0,12.0,3.0,67.0,11.0,2.0,23.0,2.0,3.6,0.0,1.0,0.0,0.0,24.0,3.0,2.0
18.0,0.0,6.0,0.0,96.0,10.0,0.0,17.0,0.0,4.9,1.0,0.0,0.0,0.0,48.0,3.0,3.0
19.0,0.0,12.0,3.0,25.0,49.0,3.0,9.0,1.0,4.3,1.0,5.0,1.0,1.0,24.0,1.0,0.0
48.0,0.0,18.0,3.0,29.0,33.0,1.0,8.0,1.0,2.9,1.0,3.0,0.0,0.0,14.0,0.0,6.0
62.0,0.0,12.0,3.0,98.0,45.0,2.0,1.0,3.0,2.7,0.0,0.0,0.0,0.0,31.0,1.0,0.0
25.0,1.0,11.0,0.0,98.0,43.0,2.0,17.0,2.0,2.8,1.0,4.0,1.0,1.0,44.0,3.0,0.0
48.0,0.0,16.0,3.0,71.0,30.0,1.0,3.0,3.0,2.6,1.0,3.0,0.0,0.0,45.0,4.0,0.0
37.0,0.0,18.0,3.0,35.0,1.0,2.0,20.0,0.0,3.6,1.0,0.0,1.0,1.0,45.0,4.0,6.0
54.0,0.0,7.0,2.0,63.0,36.0,0.0,5.0,3.0,2.8,1.0,3.0,1.0,1.0,15.0,1.0,3.0
30.0,1.0,8.0,3.0,100.0,40.0,0.0,22.0,3.0,3.9,1.0,2.0,1.0,1.0,9.0,3.0,6.0
47.0,0.0,23.0,1.0,54.0,2.0,2.0,11.0,3.0,3.4,0.0,5.0,0.0,0.0,27.0,0.0,3.0
21.0,0.0,10.0,0.0,91.0,47.0,2.0,1.0,1.0,4.2,1.0,5.0,1.0,1.0,4.0,5.0,2.0
51.0,1.0,23.0,1.0,98.0,39.0,3.0,22.0,3.0,4.9,1.0,0.0,1.0,1.0,8.0,2.0,2.0
65.0,0.0,7.0,2.0,44.0,36.0,2.0,13.0,3.0,2.9,1.0,1.0,1.0,1.0,1.0,0.0,3.0
37.0,0.0,23.0,1.0,48.0,23.0,0.0,23.0,0.0,3.3,1.0,3.0,1.0,1.0,23.0,3.0,3.0
59.0,0.0,13.0,0.0,30.0,36.0,1.0,17.0,3.0,2.8,0.0,0.0,0.0,0.0,8.0,3.0,0.0
18.0,0.0,0.0,0.0,77.0,8.0,1.0,19.0,1.0,3.9,1.0,4.0,1.0,1.0,16.0,5.0,6.0
53.0,1.0,0.0,0.0,98.0,13.0,2.0,6.0,3.0,3.0,1.0,5.0,1.0,1.0,31.0,2.0,1.0
35.0,1.0,16.0,3.0,79.0,42.0,2.0,16.0,3.0,2.8,1.0,5.0,1.0,1.0,29.0,3.0,3.0
70.0,0.0,4.0,1.0,53.0,47.0,3.0,19.0,0.0,4.4,0.0,1.0,0.0,0.0,31.0,2.0,4.0
46.0,0.0,0.0,0.0,36.0,36.0,2.0,1.0,0.0,4.2,1.0,2.0,1.0,1.0,13.0,1.0,2.0
21.0,0.0,23.0,1.0,63.0,36.0,0.0,14.0,1.0,2.5,0.0,4.0,0.0,0.0,14.0,2.0,1.0
66.0,0.0,16.0,3.0,24.0,48.0,3.0,20.0,1.0,4.5,0.0,0.0,0.0,0.0,24.0,5.0,2.0
48.0,0.0,22.0,3.0,24.0,34.0,0.0,17.0,0.0,3.2,1.0,2.0,0.0,0.0,3.0,0.0,5.0
27.0,0.0,5.0,0.0,54.0,10.0,1.0,13.0,2.0,2.7,1.0,1.0,0.0,0.0,10.0,4.0,3.0
32.0,0.0,22.0,3.0,55.0,11.0,2.0,2.0,1.0,5.0,1.0,4.0,0.0,0.0,19.0,1.0,6.0
18.0,0.0,12.0,3.0,82.0,49.0,2.0,21.0,2.0,2.6,1.0,5.0,0.0,0.0,17.0,1.0,3.0
69.0,0.0,24.0,3.0,62.0,38.0,0.0,6.0,3.0,3.6,1.0,0.0,1.0,1.0,3.0,2.0,2.0
49.0,0.0,16.0,3.0,79.0,12.0,2.0,16.0,3.0,4.0,0.0,2.0,0.0,0.0,1.0,0.0,1.0
46.0,0.0,9.0,1.0,90.0,24.0,2.0,3.0,3.0,3.1,1.0,5.0,1.0,1.0,7.0,2.0,6.0
32.0,1.0,0.0,0.0,98.0,26.0,2.0,7.0,2.0,3.2,1.0,3.0,1.0,1.0,8.0,4.0,4.0
66.0,0.0,13.0,0.0,52.0,36.0,2.0,11.0,3.0,4.2,1.0,4.0,1.0,1.0,35.0,2.0,5.0
32.0,1.0,21.0,3.0,30.0,49.0,2.0,0.0,3.0,2.8,1.0,3.0,1.0,1.0,43.0,1.0,2.0
39.0,0.0,24.0,3.0,33.0,31.0,1.0,5.0,0.0,4.7,1.0,2.0,0.0,0.0,23.0,3.0,0.0
30.0,1.0,2.0,0.0,99.0,19.0,2.0,13.0,2.0,3.4,1.0,0.0,1.0,1.0,30.0,0.0,3.0
22.0,1.0,16.0,3.0,60.0,13.0,2.0,23.0,0.0,3.0,1.0,2.0,1.0,1.0,39.0,1.0,6.0
56.0,1.0,23.0,1.0,40.0,19.0,0.0,22.0,3.0,4.1,1.0,3.0,1.0,1.0,42.0,2.0,3.0
48.0,0.0,19.0,3.0,25.0,46.0,3.0,23.0,2.0,3.6,0.0,0.0,0.0,0.0,36.0,2.0,6.0
54.0,0.0,10.0,0.0,24.0,16.0,0.0,8.0,1.0,4.0,0.0,4.0,0.0,0.0,50.0,2.0,2.0
55.0,0.0,21.0,3.0,46.0,46.0,0.0,24.0,1.0,4.4,1.0,4.0,1.0,1.0,29.0,3.0,5.0
39.0,0.0,18.0,3.0,85.0,31.0,0.0,22.0,3.0,4.2,0.0,4.0,0.0,0.0,17.0,3.0,6.0
23.0,0.0,4.0,1.0,25.0,37.0,2.0,9.0,3.0,2.9,1.0,2.0,0.0,0.0,37.0,2.0,5.0
44.0,0.0,22.0,3.0,42.0,40.0,0.0,14.0,3.0,2.8,0.0,3.0,0.0,0.0,49.0,1.0,5.0
21.0,0.0,0.0,0.0,42.0,27.0,0.0,18.0,1.0,2.6,1.0,4.0,0.0,0.0,41.0,3.0,6.0
57.0,1.0,7.0,2.0,20.0,45.0,2.0,3.0,1.0,4.7,1.0,1.0,1.0,1.0,12.0,5.0,5.0
20.0,0.0,0.0,0.0,31.0,25.0,2.0,15.0,3.0,4.0,1.0,3.0,0.0,0.0,14.0,5.0,6.0
47.0,0.0,5.0,0.0,86.0,27.0,1.0,21.0,3.0,3.3,0.0,1.0,0.0,0.0,26.0,0.0,1.0
28.0,0.0,6.0,0.0,97.0,29.0,0.0,14.0,3.0,3.4,1.0,3.0,1.0,1.0,40.0,2.0,0.0
69.0,0.0,0.0,0.0,47.0,39.0,2.0,17.0,0.0,4.7,1.0,3.0,1.0,1.0,30.0,1.0,6.0
34.0,0.0,7.0,2.0,42.0,8.0,0.0,8.0,1.0,3.9,0.0,5.0,0.0,0.0,29.0,3.0,6.0
19.0,0.0,12.0,3.0,60.0,5.0,1.0,7.0,1.0,4.5,1.0,4.0,1.0,1.0,16.0,2.0,0.0
57.0,0.0,8.0,3.0,46.0,40.0,0.0,5.0,2.0,3.9,0.0,2.0,0.0,0.0,21.0,1.0,6.0
39.0,1.0,12.0,3.0,26.0,7.0,1.0,2.0,0.0,4.2,1.0,2.0,1.0,1.0,22.0,4.0,0.0
30.0,0.0,20.0,0.0,43.0,34.0,1.0,21.0,3.0,3.6,1.0,5.0,1.0,1.0,8.0,0.0,3.0
69.0,0.0,8.0,3.0,38.0,35.0,2.0,0.0,3.0,2.9,1.0,2.0,1.0,1.0,11.0,2.0,2.0
32.0,0.0,19.0,3.0,63.0,19.0,0.0,17.0,0.0,3.8,0.0,2.0,0.0,0.0,13.0,0.0,0.0
32.0,0.0,1.0,0.0,100.0,44.0,3.0,4.0,0.0,2.7,0.0,5.0,0.0,0.0,12.0,4.0,6.0
59.0,0.0,7.0,2.0,80.0,21.0,2.0,24.0,0.0,3.9,1.0,3.0,0.0,0.0,42.0,5.0,5.0
52.0,1.0,14.0,2.0,26.0,22.0,2.0,15.0,2.0,4.9,1.0,2.0,1.0,1.0,1.0,3.0,6.0
29.0,0.0,22.0,3.0,31.0,4.0,2.0,21.0,0.0,4.6,1.0,4.0,0.0,0.0,22.0,1.0,0.0
64.0,0.0,15.0,0.0,44.0,25.0,3.0,9.0,3.0,3.5,1.0,0.0,1.0,1.0,3.0,3.0,5.0
34.0,0.0,23.0,1.0,29.0,45.0,0.0,24.0,0.0,3.3,1.0,5.0,1.0,1.0,14.0,0.0,3.0
35.0,1.0,20.0,0.0,42.0,39.0,2.0,1.0,3.0,3.4,1.0,5.0,1.0,1.0,26.0,5.0,6.0
64.0,1.0,12.0,3.0,43.0,46.0,2.0,4.0,3.0,3.3,1.0,5.0,1.0,1.0,21.0,0.0,2.0
30.0,0.0,13.0,0.0,86.0,27.0,1.0,16.0,2.0,3.7,1.0,5.0,1.0,1.0,21.0,0.0,1.0
47.0,0.0,17.0,0.0,83.0,4.0,1.0,0.0,1.0,2.7,1.0,3.0,0.0,0.0,41.0,1.0,1.0
21.0,0.0,24.0,3.0,94.0,30.0,3.0,17.0,1.0,4.1,1.0,0.0,1.0,1.0,5.0,1.0,1.0
33.0,1.0,14.0,2.0,24.0,14.0,2.0,9.0,3.0,3.3,1.0,3.0,1.0,1.0,7.0,1.0,0.0
64.0,0.0,9.0,1.0,65.0,36.0,0.0,11.0,2.0,3.7,0.0,5.0,0.0,0.0,27.0,4.0,1.0
36.0,0.0,17.0,0.0,91.0,25.0,0.0,10.0,1.0,4.6,0.0,4.0,0.0,0.0,38.0,3.0,3.0
62.0,0.0,19.0,3.0,43.0,12.0,0.0,20.0,0.0,4.0,0.0,1.0,0.0,0.0,35.0,1.0,5.0
68.0,0.0,15.0,0.0,88.0,35.0,2.0,20.0,1.0,4.1,1.0,4.0,1.0,1.0,41.0,0.0,3.0
60.0,0.0,4.0,1.0,97.0,13.0,1.0,0.0,2.0,3.5,1.0,1.0,1.0,1.0,33.0,0.0,0.0
62.0,0.0,15.0,0.0,31.0,19.0,2.0,18.0,1.0,2.6,1.0,5.0,1.0,1.0,22.0,3.0,5.0
48.0,0.0,7.0,2.0,37.0,6.0,3.0,23.0,0.0,3.2,0.0,5.0,0.0,0.0,25.0,2.0,4.0
20.0,0.0,23.0,1.0,100.0,48.0,1.0,16.0,0.0,2.9,1.0,4.0,0.0,0.0,8.0,5.0,2.0
55.0,0.0,17.0,0.0,21.0,23.0,1.0,3.0,1.0,4.3,1.0,3.0,0.0,0.0,4.0,3.0,0.0
60.0,0.0,6.0,0.0,82.0,47.0,1.0,2.0,1.0,3.6,0.0,3.0,0.0,0.0,7.0,4.0,6.0
46.0,0.0,1.0,0.0,28.0,36.0,1.0,2.0,3.0,4.7,1.0,0.0,1.0,1.0,49.0,5.0,5.0
62.0,0.0,7.0,2.0,48.0,10.0,0.0,14.0,2.0,3.4,1.0,4.0,1.0,1.0,14.0,0.0,3.0
56.0,0.0,6.0,0.0,94.0,3.0,2.0,2.0,0.0,4.0,1.0,5.0,1.0,1.0,31.0,1.0,4.0
47.0,1.0,16.0,3.0,30.0,36.0,0.0,16.0,3.0,4.5,1.0,3.0,1.0,1.0,8.0,4.0,3.0
30.0,1.0,3.0,1.0,25.0,43.0,2.0,24.0,1.0,4.8,1.0,0.0,1.0,1.0,29.0,4.0,6.0
39.0,0.0,18.0,3.0,47.0,17.0,2.0,1.0,2.0,4.9,1.0,5.0,1.0,1.0,40.0,5.0,5.0
38.0,0.0,24.0,3.0,96.0,15.0,3.0,7.0,2.0,2.8,0.0,5.0,0.0,0.0,10.0,5.0,2.0
31.0,1.0,21.0,3.0,83.0,17.0,2.0,23.0,2.0,4.7,1.0,0.0,1.0,1.0,46.0,3.0,2.0
47.0,0.0,14.0,2.0,84.0,11.0,0.0,11.0,0.0,2.8,1.0,0.0,1.0,1.0,4.0,1.0,4.0
67.0,1.0,0.0,0.0,36.0,48.0,0.0,12.0,3.0,4.8,1.0,0.0,1.0,1.0,24.0,0.0,6.0
24.0,0.0,1.0,0.0,21.0,21.0,2.0,1.0,2.0,4.4,1.0,4.0,1.0,1.0,3.0,5.0,4.0
57.0,0.0,9.0,1.0,82.0,33.0,0.0,22.0,2.0,4.6,1.0,4.0,1.0,1.0,50.0,1.0,4.0
50.0,0.0,20.0,0.0,28.0,35.0,0.0,18.0,1.0,2.9,0.0,3.0,0.0,0.0,23.0,5.0,5.0
25.0,0.0,15.0,0.0,28.0,26.0,0.0,18.0,1.0,4.9,0.0,0.0,0.0,0.0,33.0,1.0,6.0
18.0,1.0,10.0,0.0,100.0,19.0,1.0,2.0,0.0,4.4,1.0,2.0,1.0,1.0,2.0,3.0,2.0
57.0,0.0,3.0,1.0,94.0,8.0,2.0,19.0,1.0,3.7,1.0,0.0,1.0,1.0,4.0,4.0,5.0
52.0,1.0,17.0,0.0,43.0,23.0,0.0,12.0,2.0,4.5,1.0,3.0,1.0,1.0,44.0,5.0,0.0
68.0,0.0,4.0,1.0,56.0,20.0,2.0,21.0,1.0,3.4,1.0,3.0,0.0,0.0,34.0,4.0,5.0
50.0,1.0,4.0,1.0,81.0,31.0,2.0,4.0,2.0,4.3,1.0,4.0,1.0,1.0,39.0,0.0,6.0
26.0,0.0,13.0,0.0,76.0,21.0,0.0,13.0,0.0,4.1,0.0,0.0,0.0,0.0,35.0,4.0,6.0
60.0,0.0,5.0,0.0,76.0,3.0,3.0,11.0,1.0,4.7,1.0,3.0,1.0,1.0,9.0,1.0,2.0
42.0,1.0,17.0,0.0,35.0,27.0,2.0,10.0,1.0,2.7,1.0,3.0,1.0,1.0,21.0,1.0,6.0
47.0,1.0,10.0,0.0,24.0,30.0,0.0,5.0,2.0,5.0,1.0,1.0,1.0,1.0,28.0,1.0,4.0
59.0,0.0,11.0,0.0,57.0,17.0,0.0,15.0,1.0,2.5,1.0,2.0,1.0,1.0,27.0,4.0,1.0
70.0,0.0,23.0,1.0,46.0,43.0,2.0,22.0,3.0,2.8,1.0,5.0,1.0,1.0,25.0,4.0,3.0
20.0,0.0,9.0,1.0,21.0,11.0,2.0,9.0,2.0,4.8,1.0,0.0,0.0,0.0,6.0,0.0,6.0
49.0,0.0,0.0,0.0,28.0,33.0,2.0,16.0,1.0,3.7,0.0,5.0,0.0,0.0,39.0,5.0,4.0
22.0,0.0,2.0,0.0,53.0,18.0,3.0,0.0,2.0,4.6,1.0,5.0,0.0,0.0,45.0,3.0,6.0
63.0,0.0,19.0,3.0,82.0,15.0,2.0,22.0,2.0,4.7,0.0,0.0,0.0,0.0,42.0,5.0,5.0
44.0,1.0,10.0,0.0,93.0,40.0,1.0,1.0,1.0,3.8,1.0,2.0,1.0,1.0,35.0,5.0,5.0
41.0,0.0,13.0,0.0,74.0,43.0,3.0,17.0,3.0,3.0,0.0,0.0,0.0,0.0,3.0,4.0,1.0
34.0,0.0,21.0,3.0,56.0,41.0,2.0,8.0,2.0,3.1,1.0,0.0,1.0,1.0,20.0,3.0,4.0
63.0,1.0,2.0,0.0,93.0,14.0,3.0,22.0,2.0,2.7,1.0,4.0,1.0,1.0,13.0,1.0,4.0
23.0,1.0,7.0,2.0,70.0,37.0,1.0,6.0,3.0,4.1,1.0,2.0,1.0,1.0,4.0,3.0,2.0
70.0,0.0,16.0,3.0,60.0,46.0,1.0,11.0,2.0,4.3,1.0,4.0,1.0,1.0,44.0,3.0,6.0
25.0,0.0,10.0,0.0,92.0,49.0,1.0,4.0,1.0,4.4,1.0,4.0,0.0,0.0,42.0,2.0,3.0
50.0,0.0,16.0,3.0,75.0,17.0,2.0,23.0,2.0,3.3,1.0,1.0,0.0,0.0,50.0,5.0,1.0
25.0,0.0,12.0,3.0,92.0,16.0,1.0,12.0,2.0,3.7,1.0,3.0,1.0,1.0,10.0,3.0,1.0
65.0,1.0,6.0,0.0,94.0,14.0,0.0,14.0,3.0,2.9,1.0,5.0,1.0,1.0,13.0,3.0,2.0
18.0,1.0,21.0,3.0,94.0,38.0,0.0,24.0,1.0,3.5,1.0,5.0,1.0,1.0,10.0,4.0,6.0
63.0,0.0,10.0,0.0,87.0,39.0,0.0,6.0,2.0,3.0,0.0,3.0,0.0,0.0,21.0,0.0,1.0
34.0,1.0,2.0,0.0,87.0,33.0,0.0,11.0,2.0,3.8,1.0,4.0,1.0,1.0,46.0,4.0,5.0
51.0,0.0,6.0,0.0,74.0,19.0,0.0,9.0,1.0,4.4,0.0,2.0,0.0,0.0,13.0,4.0,1.0
55.0,0.0,3.0,1.0,23.0,35.0,3.0,11.0,0.0,4.3,1.0,2.0,1.0,1.0,6.0,3.0,6.0
21.0,1.0,4.0,1.0,74.0,34.0,2.0,10.0,3.0,4.1,1.0,4.0,1.0,1.0,3.0,3.0,4.0
62.0,0.0,3.0,1.0,23.0,48.0,2.0,11.0,2.0,4.5,1.0,1.0,1.0,1.0,23.0,3.0,2.0
70.0,1.0,0.0,0.0,34.0,8.0,1.0,12.0,2.0,2.8,1.0,2.0,1.0,1.0,15.0,1.0,1.0
58.0,1.0,22.0,3.0,45.0,22.0,1.0,20.0,2.0,2.6,1.0,1.0,1.0,1.0,34.0,3.0,6.0
45.0,1.0,12.0,3.0,38.0,5.0,0.0,8.0,0.0,3.5,1.0,3.0,1.0,1.0,47.0,4.0,2.0
54.0,1.0,8.0,3.0,78.0,25.0,2.0,22.0,0.0,3.8,1.0,1.0,1.0,1.0,4.0,2.0,5.0
36.0,0.0,24.0,3.0,41.0,17.0,0.0,6.0,1.0,2.9,0.0,5.0,0.0,0.0,3.0,5.0,3.0
67.0,1.0,16.0,3.0,50.0,15.0,2.0,8.0,0.0,3.0,1.0,4.0,1.0,1.0,47.0,1.0,6.0
26.0,1.0,21.0,3.0,58.0,18.0,3.0,14.0,2.0,3.5,1.0,2.0,1.0,1.0,24.0,2.0,3.0
50.0,0.0,12.0,3.0,96.0,45.0,1.0,5.0,2.0,4.1,1.0,2.0,1.0,1.0,34.0,4.0,4.0
27.0,0.0,19.0,3.0,63.0,20.0,2.0,18.0,2.0,4.6,1.0,4.0,1.0,1.0,26.0,2.0,0.0
24.0,1.0,7.0,2.0,81.0,47.0,0.0,6.0,0.0,4.1,1.0,4.0,1.0,1.0,43.0,0.0,1.0
44.0,0.0,9.0,1.0,70.0,42.0,0.0,24.0,3.0,3.2,1.0,4.0,1.0,1.0,13.0,1.0,4.0
27.0,0.0,3.0,1.0,90.0,25.0,2.0,12.0,2.0,2.7,1.0,4.0,0.0,0.0,10.0,4.0,1.0
21.0,0.0,7.0,2.0,92.0,8.0,2.0,24.0,2.0,2.7,1.0,1.0,1.0,1.0,17.0,3.0,2.0
68.0,0.0,9.0,1.0,98.0,22.0,0.0,2.0,1.0,4.7,1.0,3.0,1.0,1.0,46.0,4.0,4.0
63.0,0.0,13.0,0.0,83.0,24.0,2.0,21.0,0.0,4.4,0.0,0.0,0.0,0.0,41.0,3.0,4.0
31.0,0.0,14.0,2.0,88.0,32.0,1.0,7.0,1.0,3.5,1.0,0.0,1.0,1.0,50.0,2.0,4.0
33.0,0.0,0.0,0.0,48.0,46.0,2.0,6.0,0.0,4.6,1.0,3.0,1.0,1.0,43.0,3.0,4.0
57.0,1.0,8.0,3.0,77.0,44.0,3.0,16.0,3.0,3.3,1.0,2.0,1.0,1.0,40.0,0.0,4.0
40.0,1.0,15.0,0.0,24.0,24.0,3.0,23.0,3.0,4.4,1.0,4.0,1.0,1.0,50.0,4.0,6.0
52.0,0.0,6.0,0.0,93.0,39.0,2.0,1.0,1.0,2.7,1.0,0.0,0.0,0.0,19.0,2.0,4.0
32.0,0.0,2.0,0.0,57.0,7.0,2.0,9.0,3.0,2.9,0.0,3.0,0.0,0.0,13.0,5.0,2.0
59.0,0.0,3.0,1.0,48.0,9.0,0.0,7.0,0.0,4.4,0.0,0.0,0.0,0.0,44.0,0.0,4.0
50.0,1.0,3.0,1.0,21.0,17.0,0.0,24.0,3.0,4.6,1.0,1.0,1.0,1.0,23.0,1.0,4.0
70.0,0.0,20.0,0.0,32.0,2.0,1.0,14.0,0.0,4.1,1.0,2.0,1.0,1.0,42.0,4.0,6.0
63.0,0.0,6.0,0.0,52.0,19.0,1.0,20.0,3.0,3.1,1.0,4.0,0.0,0.0,37.0,3.0,5.0
20.0,1.0,6.0,0.0,78.0,34.0,2.0,6.0,1.0,3.6,1.0,5.0,1.0,1.0,31.0,3.0,5.0
37.0,1.0,15.0,0.0,80.0,12.0,0.0,21.0,0.0,2.7,1.0,1.0,1.0,1.0,18.0,3.0,5.0
64.0,0.0,11.0,0.0,34.0,31.0,2.0,15.0,3.0,4.2,0.0,1.0,0.0,0.0,5.0,1.0,2.0
56.0,0.0,2.0,0.0,33.0,25.0,2.0,6.0,1.0,2.9,0.0,3.0,0.0,0.0,25.0,1.0,3.0
63.0,1.0,22.0,3.0,84.0,36.0,0.0,8.0,3.0,4.1,1.0,2.0,1.0,1.0,8.0,1.0,5.0
25.0,1.0,0.0,0.0,23.0,12.0,0.0,5.0,1.0,4.6,1.0,2.0,1.0,1.0,45.0,1.0,3.0
36.0,1.0,0.0,0.0,82.0,15.0,3.0,19.0,0.0,4.2,1.0,3.0,1.0,1.0,31.0,0.0,4.0
60.0,0.0,13.0,0.0,38.0,49.0,2.0,22.0,2.0,4.8,1.0,1.0,0.0,0.0,35.0,3.0,6.0
61.0,0.0,11.0,0.0,43.0,37.0,0.0,12.0,3.0,4.3,0.0,4.0,0.0,0.0,21.0,3.0,3.0
50.0,1.0,23.0,1.0,64.0,43.0,2.0,9.0,1.0,4.2,1.0,4.0,1.0,1.0,22.0,4.0,0.0
52.0,0.0,13.0,0.0,53.0,25.0,2.0,5.0,0.0,4.9,1.0,4.0,1.0,1.0,31.0,3.0,2.0
36.0,0.0,12.0,3.0,57.0,11.0,2.0,12.0,1.0,3.4,1.0,5.0,1.0,1.0,5.0,2.0,1.0
30.0,1.0,2.0,0.0,42.0,37.0,2.0,2.0,1.0,3.7,1.0,0.0,1.0,1.0,5.0,0.0,0.0
43.0,1.0,15.0,0.0,59.0,30.0,2.0,23.0,0.0,4.1,1.0,4.0,1.0,1.0,17.0,1.0,3.0
24.0,0.0,17.0,0.0,55.0,48.0,0.0,5.0,2.0,4.2,0.0,1.0,0.0,0.0,6.0,0.0,0.0
70.0,0.0,7.0,2.0,24.0,45.0,0.0,5.0,2.0,4.1,0.0,0.0,0.0,0.0,18.0,3.0,1.0
19.0,0.0,6.0,0.0,52.0,6.0,2.0,16.0,3.0,3.6,1.0,0.0,1.0,1.0,9.0,4.0,0.0
52.0,0.0,6.0,0.0,30.0,49.0,0.0,6.0,1.0,3.9,1.0,3.0,1.0,1.0,11.0,2.0,1.0
50.0,0.0,2.0,0.0,73.0,2.0,1.0,1.0,1.0,3.1,0.0,1.0,0.0,0.0,23.0,2.0,1.0
66.0,0.0,12.0,3.0,26.0,10.0,1.0,13.0,2.0,2.8,1.0,1.0,0.0,0.0,40.0,4.0,3.0
68.0,0.0,19.0,3.0,75.0,12.0,0.0,22.0,3.0,4.7,1.0,0.0,0.0,0.0,5.0,1.0,6.0
41.0,0.0,17.0,0.0,80.0,12.0,0.0,17.0,2.0,3.9,0.0,1.0,0.0,0.0,17.0,5.0,1.0
58.0,0.0,3.0,1.0,41.0,18.0,2.0,10.0,0.0,3.7,0.0,1.0,0.0,0.0,48.0,2.0,2.0
18.0,0.0,3.0,1.0,82.0,30.0,2.0,17.0,0.0,3.4,1.0,5.0,1.0,1.0,30.0,3.0,0.0
41.0,0.0,14.0,2.0,22.0,19.0,0.0,3.0,2.0,3.1,1.0,2.0,0.0,0.0,27.0,3.0,5.0
23.0,1.0,6.0,0.0,31.0,25.0,2.0,21.0,2.0,4.3,1.0,2.0,1.0,1.0,17.0,2.0,6.0
67.0,1.0,0.0,0.0,72.0,21.0,0.0,21.0,0.0,3.2,1.0,1.0,1.0,1.0,28.0,5.0,1.0
31.0,1.0,24.0,3.0,71.0,6.0,1.0,10.0,2.0,4.1,1.0,1.0,1.0,1.0,32.0,2.0,5.0
34.0,1.0,24.0,3.0,90.0,12.0,3.0,13.0,0.0,2.5,1.0,0.0,1.0,1.0,16.0,3.0,4.0
55.0,0.0,5.0,0.0,33.0,29.0,2.0,9.0,2.0,3.5,0.0,0.0,0.0,0.0,47.0,5.0,0.0
50.0,0.0,3.0,1.0,31.0,24.0,2.0,19.0,0.0,3.0,1.0,2.0,1.0,1.0,27.0,5.0,0.0
56.0,0.0,9.0,1.0,83.0,44.0,2.0,17.0,2.0,3.3,1.0,1.0,0.0,0.0,10.0,4.0,6.0
49.0,0.0,7.0,2.0,85.0,14.0,2.0,22.0,3.0,4.5,0.0,4.0,0.0,0.0,26.0,2.0,5.0
50.0,0.0,20.0,0.0,63.0,25.0,2.0,14.0,2.0,4.9,1.0,1.0,1.0,1.0,20.0,2.0,5.0
34.0,0.0,15.0,0.0,41.0,8.0,0.0,21.0,3.0,2.8,0.0,4.0,0.0,0.0,19.0,5.0,4.0
58.0,0.0,23.0,1.0,22.0,25.0,0.0,14.0,3.0,4.0,1.0,1.0,0.0,0.0,49.0,1.0,0.0
30.0,1.0,17.0,0.0,77.0,9.0,2.0,8.0,0.0,3.5,1.0,5.0,1.0,1.0,26.0,2.0,3.0
30.0,0.0,24.0,3.0,76.0,12.0,3.0,5.0,3.0,3.0,1.0,1.0,0.0,0.0,39.0,1.0,0.0
49.0,0.0,10.0,0.0,32.0,15.0,2.0,19.0,3.0,3.7,1.0,2.0,0.0,0.0,39.0,5.0,5.0
52.0,0.0,10.0,0.0,40.0,30.0,3.0,17.0,1.0,2.8,0.0,5.0,0.0,0.0,18.0,4.0,5.0
61.0,0.0,10.0,0.0,60.0,47.0,2.0,20.0,3.0,3.6,0.0,3.0,0.0,0.0,4.0,5.0,0.0
38.0,1.0,3.0,1.0,44.0,2.0,0.0,20.0,1.0,3.1,1.0,4.0,1.0,1.0,29.0,3.0,2.0
37.0,1.0,20.0,0.0,25.0,6.0,0.0,16.0,3.0,3.6,1.0,1.0,1.0,1.0,16.0,5.0,1.0
41.0,0.0,7.0,2.0,37.0,39.0,2.0,22.0,2.0,4.1,1.0,5.0,1.0,1.0,43.0,1.0,3.0
60.0,0.0,5.0,0.0,84.0,43.0,2.0,8.0,0.0,4.9,0.0,1.0,0.0,0.0,15.0,2.0,2.0
68.0,0.0,14.0,2.0,56.0,4.0,2.0,5.0,3.0,4.0,1.0,2.0,0.0,0.0,4.0,5.0,3.0
32.0,1.0,16.0,3.0,82.0,37.0,1.0,18.0,2.0,2.7,1.0,0.0,1.0,1.0,9.0,3.0,0.0
31.0,1.0,10.0,0.0,95.0,44.0,2.0,14.0,1.0,4.5,1.0,1.0,1.0,1.0,31.0,1.0,5.0
60.0,0.0,8.0,3.0,61.0,30.0,2.0,14.0,1.0,2.9,1.0,4.0,1.0,1.0,37.0,2.0,1.0
54.0,0.0,16.0,3.0,56.0,43.0,3.0,15.0,0.0,2.8,0.0,2.0,0.0,0.0,22.0,2.0,1.0
55.0,0.0,23.0,1.0,41.0,44.0,2.0,22.0,0.0,3.8,0.0,3.0,0.0,0.0,40.0,5.0,1.0
31.0,0.0,6.0,0.0,64.0,35.0,0.0,0.0,2.0,2.7,0.0,1.0,0.0,0.0,43.0,5.0,5.0
62.0,0.0,19.0,3.0,37.0,48.0,3.0,16.0,0.0,3.0,1.0,1.0,0.0,0.0,8.0,2.0,2.0
42.0,0.0,1.0,0.0,56.0,25.0,2.0,14.0,2.0,3.7,0.0,1.0,0.0,0.0,49.0,5.0,1.0
41.0,0.0,13.0,0.0,36.0,34.0,3.0,5.0,0.0,4.0,1.0,5.0,1.0,1.0,15.0,0.0,4.0
54.0,0.0,22.0,3.0,26.0,32.0,0.0,19.0,2.0,3.7,1.0,5.0,1.0,1.0,29.0,5.0,0.0
58.0,1.0,14.0,2.0,52.0,33.0,1.0,19.0,2.0,3.1,1.0,4.0,1.0,1.0,12.0,4.0,0.0
31.0,0.0,7.0,2.0,37.0,37.0,2.0,13.0,2.0,3.9,1.0,5.0,1.0,1.0,10.0,0.0,0.0
52.0,0.0,0.0,0.0,34.0,28.0,0.0,15.0,1.0,3.0,1.0,4.0,1.0,1.0,43.0,5.0,3.0
57.0,1.0,20.0,0.0,58.0,42.0,2.0,3.0,2.0,4.2,1.0,3.0,1.0,1.0,16.0,4.0,1.0
20.0,0.0,11.0,0.0,26.0,38.0,1.0,12.0,2.0,3.9,0.0,5.0,0.0,0.0,24.0,3.0,6.0
37.0,0.0,22.0,3.0,66.0,33.0,2.0,4.0,3.0,4.4,1.0,3.0,0.0,0.0,11.0,1.0,3.0
37.0,0.0,14.0,2.0,58.0,43.0,0.0,10.0,3.0,3.1,0.0,1.0,0.0,0.0,33.0,2.0,0.0
50.0,0.0,1.0,0.0,84.0,0.0,1.0,13.0,1.0,4.3,1.0,5.0,1.0,1.0,12.0,2.0,5.0
32.0,0.0,21.0,3.0,38.0,8.0,2.0,1.0,2.0,4.7,0.0,5.0,0.0,0.0,5.0,1.0,0.0
43.0,0.0,3.0,1.0,28.0,21.0,2.0,10.0,2.0,4.6,1.0,1.0,1.0,1.0,7.0,1.0,6.0
45.0,1.0,14.0,2.0,67.0,26.0,0.0,6.0,0.0,5.0,1.0,0.0,1.0,1.0,4.0,0.0,0.0
24.0,1.0,0.0,0.0,95.0,29.0,0.0,22.0,0.0,2.9,1.0,4.0,1.0,1.0,38.0,0.0,6.0
66.0,0.0,13.0,0.0,90.0,3.0,2.0,14.0,2.0,3.3,0.0,3.0,0.0,0.0,46.0,5.0,4.0
65.0,1.0,21.0,3.0,59.0,20.0,2.0,14.0,2.0,4.4,1.0,0.0,1.0,1.0,49.0,2.0,1.0
19.0,1.0,7.0,2.0,69.0,8.0,1.0,8.0,2.0,4.5,1.0,1.0,1.0,1.0,31.0,1.0,4.0
50.0,0.0,12.0,3.0,73.0,21.0,0.0,17.0,3.0,4.9,1.0,2.0,0.0,0.0,40.0,3.0,1.0
25.0,0.0,3.0,1.0,96.0,8.0,2.0,21.0,0.0,2.7,1.0,0.0,1.0,1.0,28.0,2.0,0.0
25.0,0.0,11.0,0.0,87.0,34.0,2.0,23.0,3.0,4.7,1.0,4.0,1.0,1.0,15.0,5.0,1.0
20.0,0.0,5.0,0.0,89.0,19.0,3.0,1.0,0.0,3.5,0.0,5.0,0.0,0.0,34.0,5.0,0.0
56.0,0.0,16.0,3.0,88.0,43.0,3.0,16.0,1.0,3.1,1.0,0.0,1.0,1.0,14.0,1.0,5.0
65.0,0.0,14.0,2.0,23.0,48.0,1.0,1.0,1.0,4.4,1.0,4.0,0.0,0.0,20.0,2.0,1.0
44.0,0.0,15.0,0.0,60.0,5.0,0.0,7.0,1.0,3.8,0.0,1.0,0.0,0.0,3.0,5.0,3.0
52.0,0.0,17.0,0.0,98.0,21.0,3.0,14.0,0.0,4.3,1.0,0.0,1.0,1.0,29.0,3.0,0.0
41.0,1.0,20.0,0.0,64.0,25.0,2.0,4.0,1.0,3.9,1.0,5.0,1.0,1.0,25.0,0.0,1.0
29.0,0.0,1.0,0.0,56.0,24.0,1.0,4.0,0.0,3.4,1.0,4.0,1.0,1.0,5.0,2.0,4.0
19.0,0.0,1.0,0.0,23.0,34.0,2.0,9.0,0.0,2.5,1.0,2.0,0.0,0.0,35.0,2.0,4.0
37.0,0.0,18.0,3.0,75.0,15.0,2.0,7.0,0.0,3.2,1.0,2.0,0.0,0.0,23.0,0.0,4.0
67.0,0.0,9.0,1.0,96.0,41.0,0.0,1.0,2.0,2.6,0.0,0.0,0.0,0.0,36.0,2.0,6.0
70.0,0.0,13.0,0.0,97.0,46.0,2.0,5.0,3.0,3.9,1.0,0.0,1.0,1.0,50.0,0.0,5.0
54.0,0.0,21.0,3.0,37.0,35.0,3.0,2.0,0.0,4.1,0.0,1.0,0.0,0.0,30.0,3.0,3.0
21.0,0.0,10.0,0.0,66.0,18.0,0.0,14.0,0.0,3.2,0.0,4.0,0.0,0.0,30.0,1.0,6.0
49.0,1.0,20.0,0.0,42.0,33.0,1.0,7.0,2.0,4.6,1.0,3.0,1.0,1.0,43.0,4.0,2.0
50.0,1.0,21.0,3.0,31.0,27.0,2.0,18.0,2.0,2.9,1.0,0.0,1.0,1.0,4.0,3.0,3.0
28.0,0.0,9.0,1.0,97.0,31.0,2.0,10.0,2.0,3.0,0.0,3.0,0.0,0.0,36.0,5.0,0.0
53.0,0.0,8.0,3.0,90.0,35.0,2.0,18.0,3.0,3.7,1.0,3.0,1.0,1.0,36.0,1.0,0.0
52.0,1.0,15.0,0.0,20.0,3.0,3.0,16.0,0.0,4.8,1.0,5.0,1.0,1.0,37.0,3.0,1.0
34.0,0.0,15.0,0.0,73.0,15.0,1.0,8.0,3.0,3.4,1.0,0.0,1.0,1.0,27.0,4.0,6.0
25.0,1.0,6.0,0.0,42.0,43.0,2.0,8.0,1.0,4.2,1.0,5.0,1.0,1.0,28.0,1.0,6.0
